# Temperature output
# Input file: VsSL2013.dat
# Mantle composition:
# cpx - 0.133
# gnt - 0.153
# jd - 0.045
# ol - 0.617
# opx - 0.052
# XFe - 0.11
# Pressure calculation: AK135
# Wave frequency (Omega) / Hz: 0.02
# Anelasticity parameters: Sobolev et al. (1996)
# Alpha depending on: Temperature
# Columns:
# 1 - X
# 2 - Y
# 3 - Z / masl
# 4 - V_S / m/s
# 5 - T_syn / degC
# 6 - Rho / kg/m3
0.000000 6000000.000000 -50000.000000 4287.65 1048.8 3280.2
100000.000000 6000000.000000 -50000.000000 4268.31 1060.3 3278.2
200000.000000 6000000.000000 -50000.000000 4199.97 1098.0 3271.6
300000.000000 6000000.000000 -50000.000000 4211.42 1092.0 3272.6
400000.000000 6000000.000000 -50000.000000 4255.62 1067.6 3276.9
500000.000000 6000000.000000 -50000.000000 4321.22 1027.7 3283.9
600000.000000 6000000.000000 -50000.000000 4351.67 1007.3 3287.4
700000.000000 6000000.000000 -50000.000000 4393.21 977.1 3292.5
800000.000000 6000000.000000 -50000.000000 4446.59 932.9 3299.8
900000.000000 6000000.000000 -50000.000000 4511.32 868.3 3310.3
1000000.000000 6000000.000000 -50000.000000 4540.59 833.3 3315.8
1100000.000000 6000000.000000 -50000.000000 4530.66 845.6 3313.9
1200000.000000 6000000.000000 -50000.000000 4520.57 857.7 3312.0
0.000000 6100000.000000 -50000.000000 4214.74 1090.2 3273.0
100000.000000 6100000.000000 -50000.000000 4197.87 1099.1 3271.4
200000.000000 6100000.000000 -50000.000000 4274.23 1056.8 3278.8
300000.000000 6100000.000000 -50000.000000 4166.95 1114.8 3268.6
400000.000000 6100000.000000 -50000.000000 4226.34 1084.0 3274.1
500000.000000 6100000.000000 -50000.000000 4286.77 1049.3 3280.1
600000.000000 6100000.000000 -50000.000000 4325.96 1024.6 3284.4
700000.000000 6100000.000000 -50000.000000 4355.12 1004.9 3287.8
800000.000000 6100000.000000 -50000.000000 4503.69 876.7 3308.9
900000.000000 6100000.000000 -50000.000000 4424.88 951.7 3296.7
1000000.000000 6100000.000000 -50000.000000 4474.84 906.5 3304.1
1100000.000000 6100000.000000 -50000.000000 4516.49 862.4 3311.2
1200000.000000 6100000.000000 -50000.000000 4520.07 858.3 3311.9
0.000000 6200000.000000 -50000.000000 4194.14 1101.0 3271.0
100000.000000 6200000.000000 -50000.000000 4189.06 1103.7 3270.6
200000.000000 6200000.000000 -50000.000000 4173.36 1111.6 3269.2
300000.000000 6200000.000000 -50000.000000 4165.32 1115.6 3268.4
400000.000000 6200000.000000 -50000.000000 4242.55 1075.0 3275.6
500000.000000 6200000.000000 -50000.000000 4304.46 1038.4 3282.0
600000.000000 6200000.000000 -50000.000000 4342.38 1013.7 3286.3
700000.000000 6200000.000000 -50000.000000 4341.04 1014.6 3286.1
800000.000000 6200000.000000 -50000.000000 4377.50 988.9 3290.5
900000.000000 6200000.000000 -50000.000000 4392.50 977.6 3292.4
1000000.000000 6200000.000000 -50000.000000 4425.62 951.1 3296.8
1100000.000000 6200000.000000 -50000.000000 4438.83 939.8 3298.7
1200000.000000 6200000.000000 -50000.000000 4480.45 901.0 3305.0
0.000000 6300000.000000 -50000.000000 4259.09 1065.7 3277.3
100000.000000 6300000.000000 -50000.000000 4233.93 1079.8 3274.8
200000.000000 6300000.000000 -50000.000000 4192.34 1102.0 3270.9
300000.000000 6300000.000000 -50000.000000 4207.69 1094.0 3272.3
400000.000000 6300000.000000 -50000.000000 4271.85 1058.2 3278.6
500000.000000 6300000.000000 -50000.000000 4316.30 1030.9 3283.3
600000.000000 6300000.000000 -50000.000000 4362.11 1000.0 3288.6
700000.000000 6300000.000000 -50000.000000 4358.26 1002.7 3288.1
800000.000000 6300000.000000 -50000.000000 4359.29 1002.0 3288.3
900000.000000 6300000.000000 -50000.000000 4391.15 978.6 3292.2
1000000.000000 6300000.000000 -50000.000000 4419.03 956.6 3295.9
1100000.000000 6300000.000000 -50000.000000 4431.23 946.3 3297.6
1200000.000000 6300000.000000 -50000.000000 4452.81 927.3 3300.7
0.000000 6400000.000000 -50000.000000 4370.88 993.7 3289.7
100000.000000 6400000.000000 -50000.000000 4288.53 1048.3 3280.3
200000.000000 6400000.000000 -50000.000000 4222.30 1086.2 3273.7
300000.000000 6400000.000000 -50000.000000 4240.78 1076.0 3275.5
400000.000000 6400000.000000 -50000.000000 4277.57 1054.8 3279.2
500000.000000 6400000.000000 -50000.000000 4315.65 1031.3 3283.2
600000.000000 6400000.000000 -50000.000000 4337.97 1016.7 3285.8
700000.000000 6400000.000000 -50000.000000 4348.60 1009.5 3287.0
800000.000000 6400000.000000 -50000.000000 4350.95 1007.8 3287.3
900000.000000 6400000.000000 -50000.000000 4385.79 982.7 3291.5
1000000.000000 6400000.000000 -50000.000000 4422.33 953.8 3296.4
1100000.000000 6400000.000000 -50000.000000 4469.92 911.3 3303.4
1200000.000000 6400000.000000 -50000.000000 4473.79 907.6 3304.0
0.000000 6500000.000000 -50000.000000 4354.11 1005.6 3287.6
100000.000000 6500000.000000 -50000.000000 4263.51 1063.1 3277.7
200000.000000 6500000.000000 -50000.000000 4224.18 1085.1 3273.9
300000.000000 6500000.000000 -50000.000000 4224.10 1085.2 3273.8
400000.000000 6500000.000000 -50000.000000 4232.30 1080.7 3274.6
500000.000000 6500000.000000 -50000.000000 4250.70 1070.4 3276.4
600000.000000 6500000.000000 -50000.000000 4263.43 1063.1 3277.7
700000.000000 6500000.000000 -50000.000000 4287.64 1048.8 3280.2
800000.000000 6500000.000000 -50000.000000 4311.54 1034.0 3282.8
900000.000000 6500000.000000 -50000.000000 4343.20 1013.1 3286.4
1000000.000000 6500000.000000 -50000.000000 4384.73 983.5 3291.4
1100000.000000 6500000.000000 -50000.000000 4427.54 949.5 3297.1
1200000.000000 6500000.000000 -50000.000000 4489.46 891.8 3306.5
0.000000 6600000.000000 -50000.000000 4169.83 1113.4 3268.8
100000.000000 6600000.000000 -50000.000000 4162.47 1117.0 3268.2
200000.000000 6600000.000000 -50000.000000 4217.60 1088.7 3273.2
300000.000000 6600000.000000 -50000.000000 4236.63 1078.3 3275.1
400000.000000 6600000.000000 -50000.000000 4232.19 1080.8 3274.6
500000.000000 6600000.000000 -50000.000000 4238.12 1077.5 3275.2
600000.000000 6600000.000000 -50000.000000 4250.61 1070.5 3276.4
700000.000000 6600000.000000 -50000.000000 4277.69 1054.8 3279.2
800000.000000 6600000.000000 -50000.000000 4295.05 1044.3 3281.0
900000.000000 6600000.000000 -50000.000000 4305.16 1038.0 3282.1
1000000.000000 6600000.000000 -50000.000000 4346.30 1011.0 3286.7
1100000.000000 6600000.000000 -50000.000000 4383.55 984.4 3291.2
1200000.000000 6600000.000000 -50000.000000 4426.96 950.0 3297.0
0.000000 6700000.000000 -50000.000000 4053.48 1167.0 3259.1
100000.000000 6700000.000000 -50000.000000 4107.50 1143.1 3263.5
200000.000000 6700000.000000 -50000.000000 4218.20 1088.4 3273.3
300000.000000 6700000.000000 -50000.000000 4298.27 1042.3 3281.4
400000.000000 6700000.000000 -50000.000000 4305.46 1037.8 3282.1
500000.000000 6700000.000000 -50000.000000 4303.50 1039.0 3281.9
600000.000000 6700000.000000 -50000.000000 4308.95 1035.6 3282.5
700000.000000 6700000.000000 -50000.000000 4312.74 1033.2 3282.9
800000.000000 6700000.000000 -50000.000000 4312.74 1033.2 3282.9
900000.000000 6700000.000000 -50000.000000 4317.48 1030.2 3283.4
1000000.000000 6700000.000000 -50000.000000 4336.75 1017.5 3285.6
1100000.000000 6700000.000000 -50000.000000 4355.40 1004.7 3287.8
1200000.000000 6700000.000000 -50000.000000 4391.88 978.1 3292.3
0.000000 6800000.000000 -50000.000000 3964.42 1203.4 3252.4
100000.000000 6800000.000000 -50000.000000 4061.39 1163.6 3259.8
200000.000000 6800000.000000 -50000.000000 4225.76 1084.3 3274.0
300000.000000 6800000.000000 -50000.000000 4367.57 996.1 3289.3
400000.000000 6800000.000000 -50000.000000 4360.05 1001.5 3288.4
500000.000000 6800000.000000 -50000.000000 4351.92 1007.2 3287.4
600000.000000 6800000.000000 -50000.000000 4359.63 1001.8 3288.3
700000.000000 6800000.000000 -50000.000000 4370.94 993.7 3289.7
800000.000000 6800000.000000 -50000.000000 4387.40 981.5 3291.7
900000.000000 6800000.000000 -50000.000000 4388.94 980.3 3291.9
1000000.000000 6800000.000000 -50000.000000 4379.54 987.4 3290.7
1100000.000000 6800000.000000 -50000.000000 4374.02 991.4 3290.1
1200000.000000 6800000.000000 -50000.000000 4379.70 987.2 3290.8
0.000000 6900000.000000 -50000.000000 3857.50 1242.9 3245.0
100000.000000 6900000.000000 -50000.000000 3922.74 1219.2 3249.5
200000.000000 6900000.000000 -50000.000000 4080.03 1155.5 3261.2
300000.000000 6900000.000000 -50000.000000 4244.32 1074.0 3275.8
400000.000000 6900000.000000 -50000.000000 4313.41 1032.8 3283.0
500000.000000 6900000.000000 -50000.000000 4315.97 1031.1 3283.3
600000.000000 6900000.000000 -50000.000000 4343.74 1012.8 3286.4
700000.000000 6900000.000000 -50000.000000 4365.05 997.9 3289.0
800000.000000 6900000.000000 -50000.000000 4393.87 976.6 3292.6
900000.000000 6900000.000000 -50000.000000 4421.85 954.2 3296.3
1000000.000000 6900000.000000 -50000.000000 4441.23 937.7 3299.0
1100000.000000 6900000.000000 -50000.000000 4458.74 921.9 3301.6
1200000.000000 6900000.000000 -50000.000000 4443.73 935.5 3299.4
0.000000 7000000.000000 -50000.000000 3797.04 1263.6 3241.1
100000.000000 7000000.000000 -50000.000000 3773.18 1271.5 3239.6
200000.000000 7000000.000000 -50000.000000 3917.26 1221.3 3249.1
300000.000000 7000000.000000 -50000.000000 4065.78 1161.7 3260.1
400000.000000 7000000.000000 -50000.000000 4186.49 1105.0 3270.3
500000.000000 7000000.000000 -50000.000000 4224.34 1085.1 3273.9
600000.000000 7000000.000000 -50000.000000 4260.33 1064.9 3277.4
700000.000000 7000000.000000 -50000.000000 4303.50 1039.0 3281.9
800000.000000 7000000.000000 -50000.000000 4340.72 1014.8 3286.1
900000.000000 7000000.000000 -50000.000000 4390.04 979.5 3292.1
1000000.000000 7000000.000000 -50000.000000 4435.12 943.0 3298.2
1100000.000000 7000000.000000 -50000.000000 4472.71 908.6 3303.8
1200000.000000 7000000.000000 -50000.000000 4501.68 878.9 3308.6
0.000000 7100000.000000 -50000.000000 3805.35 1260.8 3241.6
100000.000000 7100000.000000 -50000.000000 3782.99 1268.3 3240.2
200000.000000 7100000.000000 -50000.000000 3876.42 1236.2 3246.3
300000.000000 7100000.000000 -50000.000000 4001.62 1188.6 3255.2
400000.000000 7100000.000000 -50000.000000 4132.92 1131.3 3265.6
500000.000000 7100000.000000 -50000.000000 4180.39 1108.1 3269.8
600000.000000 7100000.000000 -50000.000000 4218.19 1088.4 3273.3
700000.000000 7100000.000000 -50000.000000 4268.57 1060.1 3278.2
800000.000000 7100000.000000 -50000.000000 4289.37 1047.7 3280.4
900000.000000 7100000.000000 -50000.000000 4322.93 1026.6 3284.1
1000000.000000 7100000.000000 -50000.000000 4374.69 990.9 3290.1
1100000.000000 7100000.000000 -50000.000000 4428.47 948.7 3297.2
1200000.000000 7100000.000000 -50000.000000 4482.87 898.5 3305.4
0.000000 7200000.000000 -50000.000000 3815.14 1257.5 3242.3
100000.000000 7200000.000000 -50000.000000 3797.61 1263.4 3241.1
200000.000000 7200000.000000 -50000.000000 3884.85 1233.1 3246.9
300000.000000 7200000.000000 -50000.000000 4012.32 1184.3 3256.0
400000.000000 7200000.000000 -50000.000000 4116.50 1139.0 3264.2
500000.000000 7200000.000000 -50000.000000 4174.03 1111.3 3269.2
600000.000000 7200000.000000 -50000.000000 4228.54 1082.8 3274.3
700000.000000 7200000.000000 -50000.000000 4294.73 1044.5 3281.0
800000.000000 7200000.000000 -50000.000000 4322.54 1026.9 3284.0
900000.000000 7200000.000000 -50000.000000 4346.67 1010.8 3286.8
1000000.000000 7200000.000000 -50000.000000 4376.77 989.4 3290.4
1100000.000000 7200000.000000 -50000.000000 4404.56 968.2 3294.0
1200000.000000 7200000.000000 -50000.000000 4413.43 961.1 3295.1
0.000000 7300000.000000 -50000.000000 3804.28 1261.2 3241.6
100000.000000 7300000.000000 -50000.000000 3814.46 1257.7 3242.2
200000.000000 7300000.000000 -50000.000000 3916.91 1221.4 3249.1
300000.000000 7300000.000000 -50000.000000 4050.63 1168.3 3258.9
400000.000000 7300000.000000 -50000.000000 4100.66 1146.2 3262.9
500000.000000 7300000.000000 -50000.000000 4166.93 1114.8 3268.6
600000.000000 7300000.000000 -50000.000000 4264.12 1062.7 3277.8
700000.000000 7300000.000000 -50000.000000 4354.09 1005.6 3287.6
800000.000000 7300000.000000 -50000.000000 4430.40 947.1 3297.5
900000.000000 7300000.000000 -50000.000000 4453.70 926.5 3300.9
1000000.000000 7300000.000000 -50000.000000 4460.16 920.6 3301.8
1100000.000000 7300000.000000 -50000.000000 4440.71 938.1 3299.0
1200000.000000 7300000.000000 -50000.000000 4410.40 963.6 3294.7
0.000000 7400000.000000 -50000.000000 3750.56 1278.9 3238.2
100000.000000 7400000.000000 -50000.000000 3737.17 1283.2 3237.3
200000.000000 7400000.000000 -50000.000000 3841.78 1248.4 3244.0
300000.000000 7400000.000000 -50000.000000 3986.13 1194.8 3254.0
400000.000000 7400000.000000 -50000.000000 4058.25 1165.0 3259.5
500000.000000 7400000.000000 -50000.000000 4134.46 1130.6 3265.8
600000.000000 7400000.000000 -50000.000000 4250.39 1070.6 3276.4
700000.000000 7400000.000000 -50000.000000 4347.93 1009.9 3286.9
800000.000000 7400000.000000 -50000.000000 4462.20 918.6 3302.2
900000.000000 7400000.000000 -50000.000000 4508.56 871.4 3309.8
1000000.000000 7400000.000000 -50000.000000 4533.94 841.6 3314.5
1100000.000000 7400000.000000 -50000.000000 4511.24 868.4 3310.3
1200000.000000 7400000.000000 -50000.000000 4459.45 921.2 3301.7
0.000000 7500000.000000 -50000.000000 3735.19 1283.8 3237.2
100000.000000 7500000.000000 -50000.000000 3637.07 1314.1 3231.4
200000.000000 7500000.000000 -50000.000000 3724.44 1287.2 3236.6
300000.000000 7500000.000000 -50000.000000 3860.00 1242.0 3245.2
400000.000000 7500000.000000 -50000.000000 3989.60 1193.4 3254.3
500000.000000 7500000.000000 -50000.000000 4068.39 1160.6 3260.3
600000.000000 7500000.000000 -50000.000000 4174.82 1110.9 3269.3
700000.000000 7500000.000000 -50000.000000 4299.33 1041.6 3281.5
800000.000000 7500000.000000 -50000.000000 4403.05 969.4 3293.8
900000.000000 7500000.000000 -50000.000000 4485.50 895.9 3305.9
1000000.000000 7500000.000000 -50000.000000 4524.38 853.2 3312.7
1100000.000000 7500000.000000 -50000.000000 4524.59 852.9 3312.7
1200000.000000 7500000.000000 -50000.000000 4495.50 885.5 3307.5
0.000000 7600000.000000 -50000.000000 3758.91 1276.2 3238.7
100000.000000 7600000.000000 -50000.000000 3650.73 1310.0 3232.2
200000.000000 7600000.000000 -50000.000000 3713.45 1290.7 3235.9
300000.000000 7600000.000000 -50000.000000 3819.57 1256.0 3242.5
400000.000000 7600000.000000 -50000.000000 3945.23 1210.7 3251.1
500000.000000 7600000.000000 -50000.000000 4030.16 1176.9 3257.3
600000.000000 7600000.000000 -50000.000000 4116.61 1138.9 3264.2
700000.000000 7600000.000000 -50000.000000 4237.90 1077.6 3275.2
800000.000000 7600000.000000 -50000.000000 4329.25 1022.5 3284.8
900000.000000 7600000.000000 -50000.000000 4427.65 949.4 3297.1
1000000.000000 7600000.000000 -50000.000000 4465.44 915.6 3302.7
1100000.000000 7600000.000000 -50000.000000 4504.83 875.5 3309.1
1200000.000000 7600000.000000 -50000.000000 4518.07 860.6 3311.5
0.000000 7700000.000000 -50000.000000 3658.55 1307.6 3232.6
100000.000000 7700000.000000 -50000.000000 3708.26 1292.3 3235.6
200000.000000 7700000.000000 -50000.000000 3769.23 1272.8 3239.3
300000.000000 7700000.000000 -50000.000000 3873.48 1237.2 3246.1
400000.000000 7700000.000000 -50000.000000 3980.82 1196.9 3253.6
500000.000000 7700000.000000 -50000.000000 4057.73 1165.2 3259.5
600000.000000 7700000.000000 -50000.000000 4136.86 1129.4 3266.0
700000.000000 7700000.000000 -50000.000000 4233.02 1080.3 3274.7
800000.000000 7700000.000000 -50000.000000 4312.65 1033.2 3282.9
900000.000000 7700000.000000 -50000.000000 4388.99 980.3 3291.9
1000000.000000 7700000.000000 -50000.000000 4441.16 937.7 3299.0
1100000.000000 7700000.000000 -50000.000000 4581.54 775.5 3324.7
1200000.000000 7700000.000000 -50000.000000 4471.76 909.5 3303.6
0.000000 7800000.000000 -50000.000000 3775.64 1270.7 3239.7
100000.000000 7800000.000000 -50000.000000 3788.50 1266.5 3240.5
200000.000000 7800000.000000 -50000.000000 3875.95 1236.3 3246.3
300000.000000 7800000.000000 -50000.000000 4003.49 1187.9 3255.3
400000.000000 7800000.000000 -50000.000000 4064.22 1162.4 3260.0
500000.000000 7800000.000000 -50000.000000 4135.03 1130.3 3265.8
600000.000000 7800000.000000 -50000.000000 4205.24 1095.3 3272.1
700000.000000 7800000.000000 -50000.000000 4262.76 1063.5 3277.7
800000.000000 7800000.000000 -50000.000000 4323.82 1026.0 3284.2
900000.000000 7800000.000000 -50000.000000 4346.08 1011.2 3286.7
1000000.000000 7800000.000000 -50000.000000 4387.68 981.3 3291.8
1100000.000000 7800000.000000 -50000.000000 4416.97 958.2 3295.6
1200000.000000 7800000.000000 -50000.000000 4424.73 951.8 3296.7
0.000000 6000000.000000 -87500.000000 4378.25 1065.7 3310.0
100000.000000 6000000.000000 -87500.000000 4377.44 1066.3 3309.9
200000.000000 6000000.000000 -87500.000000 4380.05 1064.4 3310.3
300000.000000 6000000.000000 -87500.000000 4390.63 1056.6 3311.6
400000.000000 6000000.000000 -87500.000000 4413.40 1039.0 3314.6
500000.000000 6000000.000000 -87500.000000 4444.34 1013.4 3318.9
600000.000000 6000000.000000 -87500.000000 4471.65 988.9 3322.9
700000.000000 6000000.000000 -87500.000000 4501.78 959.4 3327.8
800000.000000 6000000.000000 -87500.000000 4515.52 944.9 3330.1
900000.000000 6000000.000000 -87500.000000 4513.92 946.6 3329.8
1000000.000000 6000000.000000 -87500.000000 4515.09 945.3 3330.0
1100000.000000 6000000.000000 -87500.000000 4517.71 942.5 3330.5
1200000.000000 6000000.000000 -87500.000000 4521.32 938.5 3331.1
0.000000 6100000.000000 -87500.000000 4440.62 1016.6 3318.3
100000.000000 6100000.000000 -87500.000000 4407.43 1043.7 3313.8
200000.000000 6100000.000000 -87500.000000 4391.62 1055.8 3311.7
300000.000000 6100000.000000 -87500.000000 4383.80 1061.6 3310.7
400000.000000 6100000.000000 -87500.000000 4401.42 1048.4 3313.0
500000.000000 6100000.000000 -87500.000000 4427.55 1027.6 3316.5
600000.000000 6100000.000000 -87500.000000 4455.68 1003.5 3320.5
700000.000000 6100000.000000 -87500.000000 4480.23 980.8 3324.3
800000.000000 6100000.000000 -87500.000000 4505.01 956.0 3328.3
900000.000000 6100000.000000 -87500.000000 4505.49 955.5 3328.4
1000000.000000 6100000.000000 -87500.000000 4507.96 952.9 3328.8
1100000.000000 6100000.000000 -87500.000000 4512.22 948.4 3329.5
1200000.000000 6100000.000000 -87500.000000 4516.34 944.0 3330.2
0.000000 6200000.000000 -87500.000000 4475.64 985.2 3323.5
100000.000000 6200000.000000 -87500.000000 4429.23 1026.2 3316.7
200000.000000 6200000.000000 -87500.000000 4394.41 1053.7 3312.1
300000.000000 6200000.000000 -87500.000000 4374.44 1068.5 3309.6
400000.000000 6200000.000000 -87500.000000 4384.64 1061.0 3310.8
500000.000000 6200000.000000 -87500.000000 4402.39 1047.6 3313.1
600000.000000 6200000.000000 -87500.000000 4431.81 1024.0 3317.1
700000.000000 6200000.000000 -87500.000000 4461.43 998.3 3321.4
800000.000000 6200000.000000 -87500.000000 4484.63 976.6 3325.0
900000.000000 6200000.000000 -87500.000000 4493.71 967.6 3326.4
1000000.000000 6200000.000000 -87500.000000 4498.06 963.2 3327.1
1100000.000000 6200000.000000 -87500.000000 4502.60 958.5 3327.9
1200000.000000 6200000.000000 -87500.000000 4503.01 958.1 3328.0
0.000000 6300000.000000 -87500.000000 4484.26 976.9 3324.9
100000.000000 6300000.000000 -87500.000000 4435.09 1021.3 3317.5
200000.000000 6300000.000000 -87500.000000 4400.50 1049.1 3312.9
300000.000000 6300000.000000 -87500.000000 4374.09 1068.7 3309.5
400000.000000 6300000.000000 -87500.000000 4377.63 1066.2 3310.0
500000.000000 6300000.000000 -87500.000000 4393.35 1054.5 3311.9
600000.000000 6300000.000000 -87500.000000 4417.50 1035.7 3315.1
700000.000000 6300000.000000 -87500.000000 4440.52 1016.7 3318.3
800000.000000 6300000.000000 -87500.000000 4465.91 994.3 3322.0
900000.000000 6300000.000000 -87500.000000 4483.44 977.7 3324.8
1000000.000000 6300000.000000 -87500.000000 4490.06 971.2 3325.8
1100000.000000 6300000.000000 -87500.000000 4494.69 966.6 3326.6
1200000.000000 6300000.000000 -87500.000000 4494.90 966.4 3326.6
0.000000 6400000.000000 -87500.000000 4484.32 976.9 3324.9
100000.000000 6400000.000000 -87500.000000 4450.56 1008.0 3319.8
200000.000000 6400000.000000 -87500.000000 4410.98 1040.9 3314.2
300000.000000 6400000.000000 -87500.000000 4388.10 1058.5 3311.3
400000.000000 6400000.000000 -87500.000000 4381.12 1063.6 3310.4
500000.000000 6400000.000000 -87500.000000 4392.09 1055.5 3311.8
600000.000000 6400000.000000 -87500.000000 4406.71 1044.3 3313.7
700000.000000 6400000.000000 -87500.000000 4430.73 1024.9 3316.9
800000.000000 6400000.000000 -87500.000000 4457.19 1002.1 3320.7
900000.000000 6400000.000000 -87500.000000 4479.55 981.5 3324.1
1000000.000000 6400000.000000 -87500.000000 4486.94 974.3 3325.3
1100000.000000 6400000.000000 -87500.000000 4490.38 970.9 3325.9
1200000.000000 6400000.000000 -87500.000000 4489.72 971.6 3325.8
0.000000 6500000.000000 -87500.000000 4485.03 976.2 3325.0
100000.000000 6500000.000000 -87500.000000 4455.74 1003.4 3320.5
200000.000000 6500000.000000 -87500.000000 4423.10 1031.2 3315.9
300000.000000 6500000.000000 -87500.000000 4401.67 1048.2 3313.0
400000.000000 6500000.000000 -87500.000000 4386.41 1059.7 3311.1
500000.000000 6500000.000000 -87500.000000 4389.88 1057.1 3311.5
600000.000000 6500000.000000 -87500.000000 4398.67 1050.5 3312.6
700000.000000 6500000.000000 -87500.000000 4422.32 1031.8 3315.8
800000.000000 6500000.000000 -87500.000000 4449.22 1009.2 3319.6
900000.000000 6500000.000000 -87500.000000 4472.55 988.1 3323.1
1000000.000000 6500000.000000 -87500.000000 4484.18 977.0 3324.9
1100000.000000 6500000.000000 -87500.000000 4486.30 974.9 3325.2
1200000.000000 6500000.000000 -87500.000000 4493.14 968.2 3326.3
0.000000 6600000.000000 -87500.000000 4475.72 985.1 3323.5
100000.000000 6600000.000000 -87500.000000 4453.94 1005.0 3320.2
200000.000000 6600000.000000 -87500.000000 4434.99 1021.4 3317.5
300000.000000 6600000.000000 -87500.000000 4415.81 1037.1 3314.9
400000.000000 6600000.000000 -87500.000000 4392.62 1055.1 3311.8
500000.000000 6600000.000000 -87500.000000 4385.59 1060.3 3310.9
600000.000000 6600000.000000 -87500.000000 4394.17 1053.9 3312.0
700000.000000 6600000.000000 -87500.000000 4419.50 1034.1 3315.4
800000.000000 6600000.000000 -87500.000000 4444.35 1013.4 3318.9
900000.000000 6600000.000000 -87500.000000 4467.87 992.4 3322.3
1000000.000000 6600000.000000 -87500.000000 4485.05 976.1 3325.0
1100000.000000 6600000.000000 -87500.000000 4487.13 974.1 3325.4
1200000.000000 6600000.000000 -87500.000000 4498.95 962.3 3327.3
0.000000 6700000.000000 -87500.000000 4467.67 992.6 3322.3
100000.000000 6700000.000000 -87500.000000 4458.40 1001.1 3320.9
200000.000000 6700000.000000 -87500.000000 4453.35 1005.6 3320.2
300000.000000 6700000.000000 -87500.000000 4429.88 1025.6 3316.8
400000.000000 6700000.000000 -87500.000000 4401.32 1048.4 3313.0
500000.000000 6700000.000000 -87500.000000 4382.08 1062.9 3310.5
600000.000000 6700000.000000 -87500.000000 4388.93 1057.8 3311.4
700000.000000 6700000.000000 -87500.000000 4412.53 1039.7 3314.4
800000.000000 6700000.000000 -87500.000000 4442.89 1014.7 3318.6
900000.000000 6700000.000000 -87500.000000 4468.59 991.8 3322.4
1000000.000000 6700000.000000 -87500.000000 4486.29 974.9 3325.2
1100000.000000 6700000.000000 -87500.000000 4497.38 963.9 3327.0
1200000.000000 6700000.000000 -87500.000000 4516.31 944.0 3330.2
0.000000 6800000.000000 -87500.000000 4465.68 994.5 3322.0
100000.000000 6800000.000000 -87500.000000 4454.79 1004.3 3320.4
200000.000000 6800000.000000 -87500.000000 4463.64 996.3 3321.7
300000.000000 6800000.000000 -87500.000000 4440.95 1016.3 3318.4
400000.000000 6800000.000000 -87500.000000 4405.80 1045.0 3313.6
500000.000000 6800000.000000 -87500.000000 4380.50 1064.1 3310.3
600000.000000 6800000.000000 -87500.000000 4386.07 1060.0 3311.0
700000.000000 6800000.000000 -87500.000000 4407.46 1043.7 3313.8
800000.000000 6800000.000000 -87500.000000 4440.63 1016.6 3318.3
900000.000000 6800000.000000 -87500.000000 4466.39 993.8 3322.1
1000000.000000 6800000.000000 -87500.000000 4490.13 971.1 3325.8
1100000.000000 6800000.000000 -87500.000000 4511.55 949.1 3329.4
1200000.000000 6800000.000000 -87500.000000 4527.13 932.0 3332.2
0.000000 6900000.000000 -87500.000000 4451.78 1007.0 3319.9
100000.000000 6900000.000000 -87500.000000 4455.32 1003.8 3320.5
200000.000000 6900000.000000 -87500.000000 4441.07 1016.2 3318.4
300000.000000 6900000.000000 -87500.000000 4402.14 1047.8 3313.1
400000.000000 6900000.000000 -87500.000000 4366.07 1074.5 3308.5
500000.000000 6900000.000000 -87500.000000 4345.54 1088.7 3306.1
600000.000000 6900000.000000 -87500.000000 4361.30 1077.8 3308.0
700000.000000 6900000.000000 -87500.000000 4385.92 1060.1 3311.0
800000.000000 6900000.000000 -87500.000000 4424.54 1030.0 3316.1
900000.000000 6900000.000000 -87500.000000 4459.40 1000.2 3321.1
1000000.000000 6900000.000000 -87500.000000 4485.93 975.3 3325.2
1100000.000000 6900000.000000 -87500.000000 4521.83 937.9 3331.2
1200000.000000 6900000.000000 -87500.000000 4538.51 918.9 3334.3
0.000000 7000000.000000 -87500.000000 4447.63 1010.6 3319.3
100000.000000 7000000.000000 -87500.000000 4439.02 1018.0 3318.1
200000.000000 7000000.000000 -87500.000000 4399.52 1049.8 3312.7
300000.000000 7000000.000000 -87500.000000 4353.87 1083.0 3307.1
400000.000000 7000000.000000 -87500.000000 4315.05 1108.8 3302.6
500000.000000 7000000.000000 -87500.000000 4309.15 1112.5 3301.9
600000.000000 7000000.000000 -87500.000000 4323.08 1103.6 3303.5
700000.000000 7000000.000000 -87500.000000 4355.96 1081.6 3307.3
800000.000000 7000000.000000 -87500.000000 4393.27 1054.6 3311.9
900000.000000 7000000.000000 -87500.000000 4439.69 1017.4 3318.2
1000000.000000 7000000.000000 -87500.000000 4482.39 978.7 3324.6
1100000.000000 7000000.000000 -87500.000000 4521.85 937.9 3331.2
1200000.000000 7000000.000000 -87500.000000 4552.76 901.5 3337.0
0.000000 7100000.000000 -87500.000000 4456.09 1003.1 3320.6
100000.000000 7100000.000000 -87500.000000 4433.85 1022.3 3317.4
200000.000000 7100000.000000 -87500.000000 4376.42 1067.1 3309.8
300000.000000 7100000.000000 -87500.000000 4327.65 1100.6 3304.0
400000.000000 7100000.000000 -87500.000000 4284.89 1127.5 3299.3
500000.000000 7100000.000000 -87500.000000 4284.04 1128.0 3299.2
600000.000000 7100000.000000 -87500.000000 4296.68 1120.3 3300.6
700000.000000 7100000.000000 -87500.000000 4341.54 1091.4 3305.6
800000.000000 7100000.000000 -87500.000000 4379.87 1064.5 3310.2
900000.000000 7100000.000000 -87500.000000 4430.69 1025.0 3316.9
1000000.000000 7100000.000000 -87500.000000 4484.16 977.0 3324.9
1100000.000000 7100000.000000 -87500.000000 4522.71 937.0 3331.4
1200000.000000 7100000.000000 -87500.000000 4564.88 885.9 3339.5
0.000000 7200000.000000 -87500.000000 4450.98 1007.7 3319.8
100000.000000 7200000.000000 -87500.000000 4410.54 1041.3 3314.2
200000.000000 7200000.000000 -87500.000000 4348.60 1086.6 3306.4
300000.000000 7200000.000000 -87500.000000 4291.33 1123.6 3300.0
400000.000000 7200000.000000 -87500.000000 4251.78 1147.0 3295.9
500000.000000 7200000.000000 -87500.000000 4251.51 1147.1 3295.9
600000.000000 7200000.000000 -87500.000000 4273.29 1134.5 3298.1
700000.000000 7200000.000000 -87500.000000 4329.57 1099.4 3304.2
800000.000000 7200000.000000 -87500.000000 4377.91 1066.0 3310.0
900000.000000 7200000.000000 -87500.000000 4433.97 1022.2 3317.4
1000000.000000 7200000.000000 -87500.000000 4491.14 970.2 3326.0
1100000.000000 7200000.000000 -87500.000000 4533.15 925.1 3333.3
1200000.000000 7200000.000000 -87500.000000 4568.89 880.5 3340.3
0.000000 7300000.000000 -87500.000000 4427.15 1027.9 3316.4
100000.000000 7300000.000000 -87500.000000 4373.87 1068.9 3309.5
200000.000000 7300000.000000 -87500.000000 4311.42 1111.1 3302.2
300000.000000 7300000.000000 -87500.000000 4244.82 1150.9 3295.2
400000.000000 7300000.000000 -87500.000000 4217.38 1166.1 3292.5
500000.000000 7300000.000000 -87500.000000 4206.98 1171.6 3291.5
600000.000000 7300000.000000 -87500.000000 4251.35 1147.2 3295.9
700000.000000 7300000.000000 -87500.000000 4311.16 1111.3 3302.2
800000.000000 7300000.000000 -87500.000000 4384.99 1060.8 3310.9
900000.000000 7300000.000000 -87500.000000 4438.34 1018.6 3318.0
1000000.000000 7300000.000000 -87500.000000 4496.10 965.2 3326.8
1100000.000000 7300000.000000 -87500.000000 4542.99 913.5 3335.1
1200000.000000 7300000.000000 -87500.000000 4568.53 881.0 3340.3
0.000000 7400000.000000 -87500.000000 4416.99 1036.1 3315.0
100000.000000 7400000.000000 -87500.000000 4352.55 1083.9 3306.9
200000.000000 7400000.000000 -87500.000000 4291.52 1123.5 3300.0
300000.000000 7400000.000000 -87500.000000 4234.69 1156.6 3294.2
400000.000000 7400000.000000 -87500.000000 4204.78 1172.8 3291.3
500000.000000 7400000.000000 -87500.000000 4200.60 1175.0 3290.9
600000.000000 7400000.000000 -87500.000000 4248.89 1148.6 3295.6
700000.000000 7400000.000000 -87500.000000 4306.29 1114.3 3301.6
800000.000000 7400000.000000 -87500.000000 4389.68 1057.3 3311.5
900000.000000 7400000.000000 -87500.000000 4447.51 1010.7 3319.3
1000000.000000 7400000.000000 -87500.000000 4503.53 957.6 3328.0
1100000.000000 7400000.000000 -87500.000000 4546.86 908.8 3335.9
1200000.000000 7400000.000000 -87500.000000 4568.40 881.2 3340.2
0.000000 7500000.000000 -87500.000000 4405.14 1045.5 3313.5
100000.000000 7500000.000000 -87500.000000 4328.15 1100.3 3304.1
200000.000000 7500000.000000 -87500.000000 4269.87 1136.5 3297.7
300000.000000 7500000.000000 -87500.000000 4235.83 1155.9 3294.3
400000.000000 7500000.000000 -87500.000000 4209.60 1170.2 3291.8
500000.000000 7500000.000000 -87500.000000 4218.45 1165.5 3292.6
600000.000000 7500000.000000 -87500.000000 4255.95 1144.6 3296.3
700000.000000 7500000.000000 -87500.000000 4322.03 1104.3 3303.4
800000.000000 7500000.000000 -87500.000000 4387.25 1059.1 3311.2
900000.000000 7500000.000000 -87500.000000 4455.77 1003.4 3320.5
1000000.000000 7500000.000000 -87500.000000 4506.13 954.9 3328.5
1100000.000000 7500000.000000 -87500.000000 4545.64 910.3 3335.6
1200000.000000 7500000.000000 -87500.000000 4571.76 876.6 3340.9
0.000000 7600000.000000 -87500.000000 4390.10 1057.0 3311.5
100000.000000 7600000.000000 -87500.000000 4338.50 1093.5 3305.3
200000.000000 7600000.000000 -87500.000000 4286.14 1126.8 3299.5
300000.000000 7600000.000000 -87500.000000 4249.84 1148.1 3295.7
400000.000000 7600000.000000 -87500.000000 4229.38 1159.5 3293.7
500000.000000 7600000.000000 -87500.000000 4245.90 1150.3 3295.3
600000.000000 7600000.000000 -87500.000000 4270.87 1135.9 3297.9
700000.000000 7600000.000000 -87500.000000 4330.99 1098.5 3304.4
800000.000000 7600000.000000 -87500.000000 4388.73 1058.0 3311.3
900000.000000 7600000.000000 -87500.000000 4458.48 1001.0 3320.9
1000000.000000 7600000.000000 -87500.000000 4496.80 964.5 3326.9
1100000.000000 7600000.000000 -87500.000000 4535.63 922.2 3333.7
1200000.000000 7600000.000000 -87500.000000 4570.30 878.6 3340.6
0.000000 7700000.000000 -87500.000000 4397.18 1051.6 3312.4
100000.000000 7700000.000000 -87500.000000 4351.61 1084.6 3306.8
200000.000000 7700000.000000 -87500.000000 4306.31 1114.3 3301.6
300000.000000 7700000.000000 -87500.000000 4275.24 1133.3 3298.3
400000.000000 7700000.000000 -87500.000000 4268.24 1137.4 3297.6
500000.000000 7700000.000000 -87500.000000 4279.60 1130.7 3298.8
600000.000000 7700000.000000 -87500.000000 4301.54 1117.3 3301.1
700000.000000 7700000.000000 -87500.000000 4343.00 1090.4 3305.8
800000.000000 7700000.000000 -87500.000000 4393.30 1054.6 3311.9
900000.000000 7700000.000000 -87500.000000 4440.47 1016.7 3318.3
1000000.000000 7700000.000000 -87500.000000 4476.87 984.0 3323.7
1100000.000000 7700000.000000 -87500.000000 4491.71 969.6 3326.1
1200000.000000 7700000.000000 -87500.000000 4522.95 936.7 3331.4
0.000000 7800000.000000 -87500.000000 4393.17 1054.7 3311.9
100000.000000 7800000.000000 -87500.000000 4366.13 1074.4 3308.5
200000.000000 7800000.000000 -87500.000000 4328.85 1099.9 3304.2
300000.000000 7800000.000000 -87500.000000 4314.42 1109.2 3302.5
400000.000000 7800000.000000 -87500.000000 4320.60 1105.2 3303.2
500000.000000 7800000.000000 -87500.000000 4331.06 1098.4 3304.4
600000.000000 7800000.000000 -87500.000000 4344.07 1089.7 3305.9
700000.000000 7800000.000000 -87500.000000 4360.57 1078.4 3307.9
800000.000000 7800000.000000 -87500.000000 4393.46 1054.4 3312.0
900000.000000 7800000.000000 -87500.000000 4411.04 1040.9 3314.2
1000000.000000 7800000.000000 -87500.000000 4436.04 1020.5 3317.7
1100000.000000 7800000.000000 -87500.000000 4463.96 996.0 3321.7
1200000.000000 7800000.000000 -87500.000000 4478.82 982.2 3324.0
0.000000 6000000.000000 -125000.000000 4422.22 1109.7 3331.7
100000.000000 6000000.000000 -125000.000000 4421.93 1110.0 3331.6
200000.000000 6000000.000000 -125000.000000 4420.36 1111.2 3331.4
300000.000000 6000000.000000 -125000.000000 4417.88 1113.2 3331.1
400000.000000 6000000.000000 -125000.000000 4423.20 1109.0 3331.8
500000.000000 6000000.000000 -125000.000000 4434.41 1099.9 3333.3
600000.000000 6000000.000000 -125000.000000 4448.57 1088.1 3335.3
700000.000000 6000000.000000 -125000.000000 4464.23 1074.5 3337.6
800000.000000 6000000.000000 -125000.000000 4464.78 1074.0 3337.7
900000.000000 6000000.000000 -125000.000000 4457.14 1080.8 3336.6
1000000.000000 6000000.000000 -125000.000000 4448.99 1087.8 3335.4
1100000.000000 6000000.000000 -125000.000000 4443.23 1092.6 3334.6
1200000.000000 6000000.000000 -125000.000000 4439.85 1095.4 3334.1
0.000000 6100000.000000 -125000.000000 4485.10 1055.5 3340.8
100000.000000 6100000.000000 -125000.000000 4457.31 1080.6 3336.6
200000.000000 6100000.000000 -125000.000000 4437.57 1097.3 3333.8
300000.000000 6100000.000000 -125000.000000 4417.05 1113.8 3331.0
400000.000000 6100000.000000 -125000.000000 4418.48 1112.7 3331.2
500000.000000 6100000.000000 -125000.000000 4425.22 1107.3 3332.1
600000.000000 6100000.000000 -125000.000000 4437.49 1097.4 3333.8
700000.000000 6100000.000000 -125000.000000 4456.29 1081.5 3336.5
800000.000000 6100000.000000 -125000.000000 4457.88 1080.1 3336.7
900000.000000 6100000.000000 -125000.000000 4448.67 1088.0 3335.4
1000000.000000 6100000.000000 -125000.000000 4441.43 1094.1 3334.3
1100000.000000 6100000.000000 -125000.000000 4438.30 1096.7 3333.9
1200000.000000 6100000.000000 -125000.000000 4433.33 1100.8 3333.2
0.000000 6200000.000000 -125000.000000 4515.39 1025.7 3345.7
100000.000000 6200000.000000 -125000.000000 4479.67 1060.6 3340.0
200000.000000 6200000.000000 -125000.000000 4447.39 1089.1 3335.2
300000.000000 6200000.000000 -125000.000000 4418.11 1113.0 3331.1
400000.000000 6200000.000000 -125000.000000 4411.81 1117.9 3330.3
500000.000000 6200000.000000 -125000.000000 4411.56 1118.1 3330.2
600000.000000 6200000.000000 -125000.000000 4420.12 1111.4 3331.4
700000.000000 6200000.000000 -125000.000000 4433.17 1100.9 3333.2
800000.000000 6200000.000000 -125000.000000 4444.44 1091.6 3334.7
900000.000000 6200000.000000 -125000.000000 4440.10 1095.2 3334.1
1000000.000000 6200000.000000 -125000.000000 4435.24 1099.2 3333.5
1100000.000000 6200000.000000 -125000.000000 4427.81 1105.3 3332.4
1200000.000000 6200000.000000 -125000.000000 4418.91 1112.3 3331.2
0.000000 6300000.000000 -125000.000000 4516.73 1024.3 3346.0
100000.000000 6300000.000000 -125000.000000 4488.02 1052.8 3341.3
200000.000000 6300000.000000 -125000.000000 4455.13 1082.5 3336.3
300000.000000 6300000.000000 -125000.000000 4419.77 1111.7 3331.3
400000.000000 6300000.000000 -125000.000000 4406.56 1121.9 3329.6
500000.000000 6300000.000000 -125000.000000 4404.46 1123.5 3329.3
600000.000000 6300000.000000 -125000.000000 4407.83 1121.0 3329.7
700000.000000 6300000.000000 -125000.000000 4417.91 1113.1 3331.1
800000.000000 6300000.000000 -125000.000000 4430.38 1103.2 3332.8
900000.000000 6300000.000000 -125000.000000 4433.36 1100.8 3333.2
1000000.000000 6300000.000000 -125000.000000 4429.59 1103.8 3332.7
1100000.000000 6300000.000000 -125000.000000 4420.87 1110.8 3331.5
1200000.000000 6300000.000000 -125000.000000 4411.58 1118.1 3330.2
0.000000 6400000.000000 -125000.000000 4499.53 1041.7 3343.1
100000.000000 6400000.000000 -125000.000000 4496.20 1044.9 3342.6
200000.000000 6400000.000000 -125000.000000 4464.75 1074.1 3337.7
300000.000000 6400000.000000 -125000.000000 4429.84 1103.6 3332.7
400000.000000 6400000.000000 -125000.000000 4404.96 1123.2 3329.4
500000.000000 6400000.000000 -125000.000000 4397.19 1129.0 3328.3
600000.000000 6400000.000000 -125000.000000 4398.12 1128.3 3328.5
700000.000000 6400000.000000 -125000.000000 4408.46 1120.5 3329.8
800000.000000 6400000.000000 -125000.000000 4424.32 1108.1 3331.9
900000.000000 6400000.000000 -125000.000000 4434.97 1099.4 3333.4
1000000.000000 6400000.000000 -125000.000000 4430.13 1103.4 3332.7
1100000.000000 6400000.000000 -125000.000000 4419.69 1111.7 3331.3
1200000.000000 6400000.000000 -125000.000000 4409.89 1119.4 3330.0
0.000000 6500000.000000 -125000.000000 4494.89 1046.2 3342.4
100000.000000 6500000.000000 -125000.000000 4498.57 1042.6 3343.0
200000.000000 6500000.000000 -125000.000000 4474.31 1065.5 3339.1
300000.000000 6500000.000000 -125000.000000 4438.35 1096.7 3333.9
400000.000000 6500000.000000 -125000.000000 4402.74 1124.9 3329.1
500000.000000 6500000.000000 -125000.000000 4389.74 1134.6 3327.4
600000.000000 6500000.000000 -125000.000000 4388.77 1135.3 3327.3
700000.000000 6500000.000000 -125000.000000 4399.87 1127.0 3328.7
800000.000000 6500000.000000 -125000.000000 4418.62 1112.6 3331.2
900000.000000 6500000.000000 -125000.000000 4433.83 1100.4 3333.3
1000000.000000 6500000.000000 -125000.000000 4432.46 1101.5 3333.1
1100000.000000 6500000.000000 -125000.000000 4424.07 1108.3 3331.9
1200000.000000 6500000.000000 -125000.000000 4417.98 1113.1 3331.1
0.000000 6600000.000000 -125000.000000 4491.94 1049.0 3341.9
100000.000000 6600000.000000 -125000.000000 4501.61 1039.6 3343.5
200000.000000 6600000.000000 -125000.000000 4486.45 1054.3 3341.0
300000.000000 6600000.000000 -125000.000000 4450.79 1086.2 3335.7
400000.000000 6600000.000000 -125000.000000 4406.09 1122.3 3329.5
500000.000000 6600000.000000 -125000.000000 4382.53 1139.9 3326.5
600000.000000 6600000.000000 -125000.000000 4381.82 1140.4 3326.4
700000.000000 6600000.000000 -125000.000000 4396.83 1129.3 3328.3
800000.000000 6600000.000000 -125000.000000 4415.53 1115.0 3330.8
900000.000000 6600000.000000 -125000.000000 4432.83 1101.2 3333.1
1000000.000000 6600000.000000 -125000.000000 4439.43 1095.8 3334.0
1100000.000000 6600000.000000 -125000.000000 4431.37 1102.4 3332.9
1200000.000000 6600000.000000 -125000.000000 4430.97 1102.7 3332.9
0.000000 6700000.000000 -125000.000000 4490.71 1050.2 3341.7
100000.000000 6700000.000000 -125000.000000 4504.31 1037.0 3343.9
200000.000000 6700000.000000 -125000.000000 4501.36 1039.9 3343.4
300000.000000 6700000.000000 -125000.000000 4466.72 1072.3 3338.0
400000.000000 6700000.000000 -125000.000000 4415.90 1114.7 3330.8
500000.000000 6700000.000000 -125000.000000 4377.03 1143.8 3325.8
600000.000000 6700000.000000 -125000.000000 4372.54 1147.0 3325.2
700000.000000 6700000.000000 -125000.000000 4391.30 1133.4 3327.6
800000.000000 6700000.000000 -125000.000000 4414.90 1115.5 3330.7
900000.000000 6700000.000000 -125000.000000 4435.72 1098.8 3333.5
1000000.000000 6700000.000000 -125000.000000 4446.10 1090.2 3335.0
1100000.000000 6700000.000000 -125000.000000 4459.27 1078.9 3336.9
1200000.000000 6700000.000000 -125000.000000 4461.67 1076.8 3337.2
0.000000 6800000.000000 -125000.000000 4491.17 1049.8 3341.8
100000.000000 6800000.000000 -125000.000000 4514.77 1026.4 3345.6
200000.000000 6800000.000000 -125000.000000 4520.29 1020.6 3346.6
300000.000000 6800000.000000 -125000.000000 4477.90 1062.2 3339.7
400000.000000 6800000.000000 -125000.000000 4421.24 1110.5 3331.5
500000.000000 6800000.000000 -125000.000000 4371.90 1147.5 3325.2
600000.000000 6800000.000000 -125000.000000 4364.94 1152.4 3324.3
700000.000000 6800000.000000 -125000.000000 4385.21 1137.9 3326.8
800000.000000 6800000.000000 -125000.000000 4415.77 1114.8 3330.8
900000.000000 6800000.000000 -125000.000000 4439.62 1095.6 3334.1
1000000.000000 6800000.000000 -125000.000000 4457.01 1080.9 3336.6
1100000.000000 6800000.000000 -125000.000000 4470.99 1068.5 3338.6
1200000.000000 6800000.000000 -125000.000000 4481.74 1058.7 3340.3
0.000000 6900000.000000 -125000.000000 4524.01 1016.7 3347.2
100000.000000 6900000.000000 -125000.000000 4555.93 980.9 3353.0
200000.000000 6900000.000000 -125000.000000 4539.26 1000.1 3349.9
300000.000000 6900000.000000 -125000.000000 4469.29 1070.0 3338.4
400000.000000 6900000.000000 -125000.000000 4397.32 1128.9 3328.4
500000.000000 6900000.000000 -125000.000000 4349.44 1163.1 3322.4
600000.000000 6900000.000000 -125000.000000 4343.08 1167.4 3321.7
700000.000000 6900000.000000 -125000.000000 4362.47 1154.1 3324.0
800000.000000 6900000.000000 -125000.000000 4399.94 1127.0 3328.7
900000.000000 6900000.000000 -125000.000000 4433.64 1100.5 3333.2
1000000.000000 6900000.000000 -125000.000000 4459.32 1078.9 3336.9
1100000.000000 6900000.000000 -125000.000000 4492.82 1048.2 3342.0
1200000.000000 6900000.000000 -125000.000000 4505.99 1035.3 3344.2
0.000000 7000000.000000 -125000.000000 4550.78 986.9 3352.1
100000.000000 7000000.000000 -125000.000000 4592.65 933.7 3360.5
200000.000000 7000000.000000 -125000.000000 4544.60 994.1 3350.9
300000.000000 7000000.000000 -125000.000000 4459.47 1078.7 3336.9
400000.000000 7000000.000000 -125000.000000 4367.16 1150.8 3324.6
500000.000000 7000000.000000 -125000.000000 4326.86 1178.1 3319.8
600000.000000 7000000.000000 -125000.000000 4312.55 1187.2 3318.2
700000.000000 7000000.000000 -125000.000000 4332.06 1174.7 3320.4
800000.000000 7000000.000000 -125000.000000 4369.29 1149.3 3324.8
900000.000000 7000000.000000 -125000.000000 4415.46 1115.1 3330.8
1000000.000000 7000000.000000 -125000.000000 4460.08 1078.2 3337.0
1100000.000000 7000000.000000 -125000.000000 4500.01 1041.2 3343.2
1200000.000000 7000000.000000 -125000.000000 4529.58 1010.8 3348.2
0.000000 7100000.000000 -125000.000000 4581.62 948.7 3358.2
100000.000000 7100000.000000 -125000.000000 4603.65 918.1 3363.0
200000.000000 7100000.000000 -125000.000000 4537.46 1002.1 3349.6
300000.000000 7100000.000000 -125000.000000 4452.15 1085.1 3335.9
400000.000000 7100000.000000 -125000.000000 4354.49 1159.6 3323.0
500000.000000 7100000.000000 -125000.000000 4313.29 1186.8 3318.3
600000.000000 7100000.000000 -125000.000000 4294.62 1198.4 3316.2
700000.000000 7100000.000000 -125000.000000 4313.59 1186.6 3318.3
800000.000000 7100000.000000 -125000.000000 4350.62 1162.3 3322.6
900000.000000 7100000.000000 -125000.000000 4403.35 1124.4 3329.1
1000000.000000 7100000.000000 -125000.000000 4460.43 1077.9 3337.1
1100000.000000 7100000.000000 -125000.000000 4505.70 1035.6 3344.1
1200000.000000 7100000.000000 -125000.000000 4553.50 983.7 3352.6
0.000000 7200000.000000 -125000.000000 4602.30 920.1 3362.7
100000.000000 7200000.000000 -125000.000000 4604.55 916.8 3363.2
200000.000000 7200000.000000 -125000.000000 4537.96 1001.6 3349.7
300000.000000 7200000.000000 -125000.000000 4444.39 1091.6 3334.7
400000.000000 7200000.000000 -125000.000000 4346.60 1165.0 3322.1
500000.000000 7200000.000000 -125000.000000 4289.77 1201.4 3315.7
600000.000000 7200000.000000 -125000.000000 4275.28 1210.1 3314.1
700000.000000 7200000.000000 -125000.000000 4301.59 1194.1 3317.0
800000.000000 7200000.000000 -125000.000000 4341.40 1168.5 3321.5
900000.000000 7200000.000000 -125000.000000 4396.97 1129.2 3328.3
1000000.000000 7200000.000000 -125000.000000 4457.52 1080.4 3336.6
1100000.000000 7200000.000000 -125000.000000 4503.52 1037.7 3343.8
1200000.000000 7200000.000000 -125000.000000 4549.93 987.9 3351.9
0.000000 7300000.000000 -125000.000000 4623.15 888.4 3367.6
100000.000000 7300000.000000 -125000.000000 4595.15 930.3 3361.1
200000.000000 7300000.000000 -125000.000000 4540.70 998.5 3350.2
300000.000000 7300000.000000 -125000.000000 4431.83 1102.0 3333.0
400000.000000 7300000.000000 -125000.000000 4344.68 1166.3 3321.9
500000.000000 7300000.000000 -125000.000000 4265.79 1215.7 3313.1
600000.000000 7300000.000000 -125000.000000 4257.42 1220.6 3312.3
700000.000000 7300000.000000 -125000.000000 4281.57 1206.3 3314.8
800000.000000 7300000.000000 -125000.000000 4332.23 1174.6 3320.4
900000.000000 7300000.000000 -125000.000000 4384.17 1138.7 3326.7
1000000.000000 7300000.000000 -125000.000000 4446.66 1089.7 3335.1
1100000.000000 7300000.000000 -125000.000000 4502.77 1038.5 3343.6
1200000.000000 7300000.000000 -125000.000000 4542.61 996.3 3350.5
0.000000 7400000.000000 -125000.000000 4603.81 917.9 3363.0
100000.000000 7400000.000000 -125000.000000 4584.60 944.7 3358.8
200000.000000 7400000.000000 -125000.000000 4531.63 1008.5 3348.6
300000.000000 7400000.000000 -125000.000000 4438.59 1096.5 3333.9
400000.000000 7400000.000000 -125000.000000 4351.43 1161.7 3322.7
500000.000000 7400000.000000 -125000.000000 4276.92 1209.1 3314.3
600000.000000 7400000.000000 -125000.000000 4263.86 1216.8 3312.9
700000.000000 7400000.000000 -125000.000000 4281.98 1206.1 3314.8
800000.000000 7400000.000000 -125000.000000 4327.84 1177.4 3319.9
900000.000000 7400000.000000 -125000.000000 4379.09 1142.3 3326.0
1000000.000000 7400000.000000 -125000.000000 4435.75 1098.8 3333.5
1100000.000000 7400000.000000 -125000.000000 4494.10 1047.0 3342.2
1200000.000000 7400000.000000 -125000.000000 4531.22 1009.0 3348.5
0.000000 7500000.000000 -125000.000000 4565.84 968.8 3355.0
100000.000000 7500000.000000 -125000.000000 4566.58 967.9 3355.1
200000.000000 7500000.000000 -125000.000000 4514.16 1027.0 3345.5
300000.000000 7500000.000000 -125000.000000 4451.66 1085.5 3335.8
400000.000000 7500000.000000 -125000.000000 4365.63 1151.9 3324.4
500000.000000 7500000.000000 -125000.000000 4313.91 1186.4 3318.3
600000.000000 7500000.000000 -125000.000000 4290.60 1200.9 3315.8
700000.000000 7500000.000000 -125000.000000 4303.13 1193.2 3317.1
800000.000000 7500000.000000 -125000.000000 4332.63 1174.3 3320.5
900000.000000 7500000.000000 -125000.000000 4378.82 1142.5 3326.0
1000000.000000 7500000.000000 -125000.000000 4425.40 1107.2 3332.1
1100000.000000 7500000.000000 -125000.000000 4473.02 1066.7 3338.9
1200000.000000 7500000.000000 -125000.000000 4514.96 1026.2 3345.7
0.000000 7600000.000000 -125000.000000 4546.78 991.6 3351.3
100000.000000 7600000.000000 -125000.000000 4554.85 982.1 3352.8
200000.000000 7600000.000000 -125000.000000 4511.11 1030.1 3345.0
300000.000000 7600000.000000 -125000.000000 4457.34 1080.6 3336.6
400000.000000 7600000.000000 -125000.000000 4392.53 1132.5 3327.7
500000.000000 7600000.000000 -125000.000000 4353.68 1160.2 3322.9
600000.000000 7600000.000000 -125000.000000 4321.04 1181.8 3319.1
700000.000000 7600000.000000 -125000.000000 4320.59 1182.1 3319.1
800000.000000 7600000.000000 -125000.000000 4342.06 1168.0 3321.6
900000.000000 7600000.000000 -125000.000000 4376.59 1144.1 3325.7
1000000.000000 7600000.000000 -125000.000000 4408.00 1120.8 3329.8
1100000.000000 7600000.000000 -125000.000000 4444.63 1091.4 3334.8
1200000.000000 7600000.000000 -125000.000000 4491.93 1049.1 3341.9
0.000000 7700000.000000 -125000.000000 4541.09 998.0 3350.3
100000.000000 7700000.000000 -125000.000000 4555.81 981.0 3353.0
200000.000000 7700000.000000 -125000.000000 4517.96 1023.1 3346.2
300000.000000 7700000.000000 -125000.000000 4470.63 1068.8 3338.6
400000.000000 7700000.000000 -125000.000000 4425.93 1106.8 3332.2
500000.000000 7700000.000000 -125000.000000 4386.90 1136.7 3327.0
600000.000000 7700000.000000 -125000.000000 4354.43 1159.7 3323.0
700000.000000 7700000.000000 -125000.000000 4341.40 1168.5 3321.5
800000.000000 7700000.000000 -125000.000000 4353.99 1160.0 3323.0
900000.000000 7700000.000000 -125000.000000 4368.94 1149.6 3324.8
1000000.000000 7700000.000000 -125000.000000 4397.92 1128.5 3328.4
1100000.000000 7700000.000000 -125000.000000 4411.16 1118.4 3330.2
1200000.000000 7700000.000000 -125000.000000 4446.79 1089.6 3335.1
0.000000 7800000.000000 -125000.000000 4559.15 977.0 3353.7
100000.000000 7800000.000000 -125000.000000 4553.77 983.4 3352.6
200000.000000 7800000.000000 -125000.000000 4533.27 1006.7 3348.9
300000.000000 7800000.000000 -125000.000000 4498.82 1042.4 3343.0
400000.000000 7800000.000000 -125000.000000 4479.11 1061.1 3339.9
500000.000000 7800000.000000 -125000.000000 4443.71 1092.2 3334.6
600000.000000 7800000.000000 -125000.000000 4407.63 1121.1 3329.7
700000.000000 7800000.000000 -125000.000000 4380.65 1141.2 3326.2
800000.000000 7800000.000000 -125000.000000 4367.59 1150.5 3324.6
900000.000000 7800000.000000 -125000.000000 4358.43 1156.9 3323.5
1000000.000000 7800000.000000 -125000.000000 4364.22 1152.9 3324.2
1100000.000000 7800000.000000 -125000.000000 4379.29 1142.2 3326.1
1200000.000000 7800000.000000 -125000.000000 4396.61 1129.5 3328.3
0.000000 6000000.000000 -162500.000000 4468.25 1149.7 3351.1
100000.000000 6000000.000000 -162500.000000 4461.09 1155.8 3350.1
200000.000000 6000000.000000 -162500.000000 4450.50 1164.7 3348.5
300000.000000 6000000.000000 -162500.000000 4435.05 1177.4 3346.4
400000.000000 6000000.000000 -162500.000000 4427.57 1183.3 3345.3
500000.000000 6000000.000000 -162500.000000 4424.88 1185.4 3345.0
600000.000000 6000000.000000 -162500.000000 4431.38 1180.3 3345.8
700000.000000 6000000.000000 -162500.000000 4437.18 1175.6 3346.7
800000.000000 6000000.000000 -162500.000000 4429.97 1181.4 3345.7
900000.000000 6000000.000000 -162500.000000 4419.79 1189.4 3344.3
1000000.000000 6000000.000000 -162500.000000 4407.15 1199.0 3342.6
1100000.000000 6000000.000000 -162500.000000 4396.98 1206.6 3341.3
1200000.000000 6000000.000000 -162500.000000 4390.70 1211.2 3340.4
0.000000 6100000.000000 -162500.000000 4522.35 1099.1 3359.7
100000.000000 6100000.000000 -162500.000000 4489.06 1131.1 3354.3
200000.000000 6100000.000000 -162500.000000 4466.83 1150.9 3350.9
300000.000000 6100000.000000 -162500.000000 4433.56 1178.5 3346.1
400000.000000 6100000.000000 -162500.000000 4422.23 1187.5 3344.6
500000.000000 6100000.000000 -162500.000000 4415.46 1192.7 3343.7
600000.000000 6100000.000000 -162500.000000 4417.86 1190.9 3344.0
700000.000000 6100000.000000 -162500.000000 4422.95 1186.9 3344.7
800000.000000 6100000.000000 -162500.000000 4421.30 1188.2 3344.5
900000.000000 6100000.000000 -162500.000000 4410.11 1196.8 3343.0
1000000.000000 6100000.000000 -162500.000000 4397.66 1206.1 3341.3
1100000.000000 6100000.000000 -162500.000000 4391.68 1210.5 3340.6
1200000.000000 6100000.000000 -162500.000000 4381.96 1217.5 3339.3
0.000000 6200000.000000 -162500.000000 4550.22 1069.8 3364.6
100000.000000 6200000.000000 -162500.000000 4510.12 1111.2 3357.7
200000.000000 6200000.000000 -162500.000000 4471.12 1147.2 3351.6
300000.000000 6200000.000000 -162500.000000 4436.69 1176.0 3346.6
400000.000000 6200000.000000 -162500.000000 4415.33 1192.8 3343.7
500000.000000 6200000.000000 -162500.000000 4404.35 1201.1 3342.2
600000.000000 6200000.000000 -162500.000000 4401.37 1203.3 3341.8
700000.000000 6200000.000000 -162500.000000 4406.76 1199.3 3342.5
800000.000000 6200000.000000 -162500.000000 4410.79 1196.3 3343.1
900000.000000 6200000.000000 -162500.000000 4400.22 1204.2 3341.7
1000000.000000 6200000.000000 -162500.000000 4391.34 1210.7 3340.5
1100000.000000 6200000.000000 -162500.000000 4380.67 1218.4 3339.2
1200000.000000 6200000.000000 -162500.000000 4368.13 1227.3 3337.6
0.000000 6300000.000000 -162500.000000 4542.84 1077.8 3363.2
100000.000000 6300000.000000 -162500.000000 4514.15 1107.3 3358.3
200000.000000 6300000.000000 -162500.000000 4481.43 1138.0 3353.1
300000.000000 6300000.000000 -162500.000000 4434.88 1177.5 3346.3
400000.000000 6300000.000000 -162500.000000 4407.66 1198.6 3342.6
500000.000000 6300000.000000 -162500.000000 4395.22 1207.9 3341.0
600000.000000 6300000.000000 -162500.000000 4386.97 1213.9 3340.0
700000.000000 6300000.000000 -162500.000000 4391.58 1210.6 3340.6
800000.000000 6300000.000000 -162500.000000 4398.31 1205.6 3341.4
900000.000000 6300000.000000 -162500.000000 4394.31 1208.6 3340.9
1000000.000000 6300000.000000 -162500.000000 4386.46 1214.3 3339.9
1100000.000000 6300000.000000 -162500.000000 4372.80 1224.0 3338.2
1200000.000000 6300000.000000 -162500.000000 4360.56 1232.5 3336.7
0.000000 6400000.000000 -162500.000000 4516.90 1104.6 3358.8
100000.000000 6400000.000000 -162500.000000 4520.85 1100.6 3359.4
200000.000000 6400000.000000 -162500.000000 4489.44 1130.8 3354.3
300000.000000 6400000.000000 -162500.000000 4441.78 1171.9 3347.3
400000.000000 6400000.000000 -162500.000000 4402.59 1202.4 3342.0
500000.000000 6400000.000000 -162500.000000 4383.47 1216.4 3339.5
600000.000000 6400000.000000 -162500.000000 4376.81 1221.2 3338.7
700000.000000 6400000.000000 -162500.000000 4380.86 1218.3 3339.2
800000.000000 6400000.000000 -162500.000000 4392.06 1210.2 3340.6
900000.000000 6400000.000000 -162500.000000 4396.46 1207.0 3341.2
1000000.000000 6400000.000000 -162500.000000 4387.55 1213.5 3340.0
1100000.000000 6400000.000000 -162500.000000 4372.86 1224.0 3338.2
1200000.000000 6400000.000000 -162500.000000 4361.84 1231.6 3336.8
0.000000 6500000.000000 -162500.000000 4509.77 1111.6 3357.6
100000.000000 6500000.000000 -162500.000000 4523.46 1098.0 3359.9
200000.000000 6500000.000000 -162500.000000 4497.87 1122.9 3355.7
300000.000000 6500000.000000 -162500.000000 4448.01 1166.8 3348.2
400000.000000 6500000.000000 -162500.000000 4398.28 1205.6 3341.4
500000.000000 6500000.000000 -162500.000000 4375.01 1222.4 3338.5
600000.000000 6500000.000000 -162500.000000 4368.25 1227.2 3337.6
700000.000000 6500000.000000 -162500.000000 4371.96 1224.6 3338.1
800000.000000 6500000.000000 -162500.000000 4386.75 1214.1 3339.9
900000.000000 6500000.000000 -162500.000000 4397.55 1206.2 3341.3
1000000.000000 6500000.000000 -162500.000000 4391.59 1210.6 3340.6
1100000.000000 6500000.000000 -162500.000000 4380.17 1218.8 3339.1
1200000.000000 6500000.000000 -162500.000000 4370.25 1225.8 3337.9
0.000000 6600000.000000 -162500.000000 4505.44 1115.8 3356.9
100000.000000 6600000.000000 -162500.000000 4526.81 1094.6 3360.4
200000.000000 6600000.000000 -162500.000000 4507.45 1113.8 3357.2
300000.000000 6600000.000000 -162500.000000 4463.40 1153.9 3350.4
400000.000000 6600000.000000 -162500.000000 4402.71 1202.4 3342.0
500000.000000 6600000.000000 -162500.000000 4366.57 1228.4 3337.4
600000.000000 6600000.000000 -162500.000000 4359.80 1233.0 3336.6
700000.000000 6600000.000000 -162500.000000 4368.71 1226.9 3337.7
800000.000000 6600000.000000 -162500.000000 4384.34 1215.8 3339.6
900000.000000 6600000.000000 -162500.000000 4398.22 1205.7 3341.4
1000000.000000 6600000.000000 -162500.000000 4400.47 1204.0 3341.7
1100000.000000 6600000.000000 -162500.000000 4390.18 1211.6 3340.4
1200000.000000 6600000.000000 -162500.000000 4385.22 1215.2 3339.7
0.000000 6700000.000000 -162500.000000 4505.63 1115.6 3356.9
100000.000000 6700000.000000 -162500.000000 4527.88 1093.5 3360.6
200000.000000 6700000.000000 -162500.000000 4524.46 1097.0 3360.0
300000.000000 6700000.000000 -162500.000000 4478.44 1140.7 3352.7
400000.000000 6700000.000000 -162500.000000 4413.06 1194.5 3343.4
500000.000000 6700000.000000 -162500.000000 4361.42 1231.9 3336.8
600000.000000 6700000.000000 -162500.000000 4349.83 1239.8 3335.4
700000.000000 6700000.000000 -162500.000000 4365.36 1229.2 3337.3
800000.000000 6700000.000000 -162500.000000 4384.77 1215.5 3339.7
900000.000000 6700000.000000 -162500.000000 4403.38 1201.9 3342.1
1000000.000000 6700000.000000 -162500.000000 4411.38 1195.8 3343.1
1100000.000000 6700000.000000 -162500.000000 4412.82 1194.7 3343.3
1200000.000000 6700000.000000 -162500.000000 4420.41 1188.9 3344.4
0.000000 6800000.000000 -162500.000000 4505.37 1115.8 3356.9
100000.000000 6800000.000000 -162500.000000 4539.65 1081.2 3362.7
200000.000000 6800000.000000 -162500.000000 4544.95 1075.5 3363.6
300000.000000 6800000.000000 -162500.000000 4491.40 1129.0 3354.7
400000.000000 6800000.000000 -162500.000000 4421.41 1188.1 3344.5
500000.000000 6800000.000000 -162500.000000 4356.50 1235.3 3336.2
600000.000000 6800000.000000 -162500.000000 4340.93 1245.7 3334.3
700000.000000 6800000.000000 -162500.000000 4359.55 1233.2 3336.6
800000.000000 6800000.000000 -162500.000000 4387.20 1213.7 3340.0
900000.000000 6800000.000000 -162500.000000 4409.40 1197.3 3342.9
1000000.000000 6800000.000000 -162500.000000 4424.61 1185.6 3344.9
1100000.000000 6800000.000000 -162500.000000 4435.31 1177.1 3346.4
1200000.000000 6800000.000000 -162500.000000 4445.39 1169.0 3347.8
0.000000 6900000.000000 -162500.000000 4561.63 1056.9 3366.7
100000.000000 6900000.000000 -162500.000000 4605.94 1001.7 3375.6
200000.000000 6900000.000000 -162500.000000 4589.79 1023.0 3372.2
300000.000000 6900000.000000 -162500.000000 4505.75 1115.5 3356.9
400000.000000 6900000.000000 -162500.000000 4414.06 1193.8 3343.5
500000.000000 6900000.000000 -162500.000000 4350.36 1239.4 3335.4
600000.000000 6900000.000000 -162500.000000 4329.15 1253.5 3332.9
700000.000000 6900000.000000 -162500.000000 4343.54 1244.0 3334.6
800000.000000 6900000.000000 -162500.000000 4377.15 1220.9 3338.7
900000.000000 6900000.000000 -162500.000000 4407.01 1199.1 3342.6
1000000.000000 6900000.000000 -162500.000000 4430.22 1181.2 3345.7
1100000.000000 6900000.000000 -162500.000000 4459.19 1157.5 3349.8
1200000.000000 6900000.000000 -162500.000000 4470.09 1148.1 3351.4
0.000000 7000000.000000 -162500.000000 4608.33 998.5 3376.1
100000.000000 7000000.000000 -162500.000000 4672.83 895.8 3392.1
200000.000000 7000000.000000 -162500.000000 4623.36 977.2 3379.5
300000.000000 7000000.000000 -162500.000000 4523.47 1098.0 3359.9
400000.000000 7000000.000000 -162500.000000 4408.29 1198.2 3342.7
500000.000000 7000000.000000 -162500.000000 4347.87 1241.1 3335.1
600000.000000 7000000.000000 -162500.000000 4316.38 1261.7 3331.5
700000.000000 7000000.000000 -162500.000000 4324.17 1256.7 3332.4
800000.000000 7000000.000000 -162500.000000 4356.87 1235.0 3336.2
900000.000000 7000000.000000 -162500.000000 4396.94 1206.6 3341.2
1000000.000000 7000000.000000 -162500.000000 4436.29 1176.4 3346.5
1100000.000000 7000000.000000 -162500.000000 4469.99 1148.2 3351.4
1200000.000000 7000000.000000 -162500.000000 4494.27 1126.3 3355.1
0.000000 7100000.000000 -162500.000000 4658.68 921.1 3388.3
100000.000000 7100000.000000 -162500.000000 4704.65 831.5 3401.7
200000.000000 7100000.000000 -162500.000000 4636.50 957.4 3382.6
300000.000000 7100000.000000 -162500.000000 4534.56 1086.6 3361.8
400000.000000 7100000.000000 -162500.000000 4408.63 1197.9 3342.8
500000.000000 7100000.000000 -162500.000000 4343.24 1244.2 3334.6
600000.000000 7100000.000000 -162500.000000 4306.61 1267.8 3330.4
700000.000000 7100000.000000 -162500.000000 4310.67 1265.3 3330.8
800000.000000 7100000.000000 -162500.000000 4342.78 1244.5 3334.5
900000.000000 7100000.000000 -162500.000000 4389.32 1212.2 3340.3
1000000.000000 7100000.000000 -162500.000000 4438.77 1174.4 3346.9
1100000.000000 7100000.000000 -162500.000000 4479.51 1139.8 3352.8
1200000.000000 7100000.000000 -162500.000000 4520.65 1100.8 3359.4
0.000000 7200000.000000 -162500.000000 4700.64 840.2 3400.5
100000.000000 7200000.000000 -162500.000000 4721.15 793.5 3407.3
200000.000000 7200000.000000 -162500.000000 4653.04 930.7 3386.8
300000.000000 7200000.000000 -162500.000000 4541.89 1078.8 3363.1
400000.000000 7200000.000000 -162500.000000 4416.42 1192.0 3343.8
500000.000000 7200000.000000 -162500.000000 4330.42 1252.6 3333.1
600000.000000 7200000.000000 -162500.000000 4293.82 1275.7 3328.9
700000.000000 7200000.000000 -162500.000000 4300.10 1271.9 3329.6
800000.000000 7200000.000000 -162500.000000 4330.87 1252.4 3333.1
900000.000000 7200000.000000 -162500.000000 4378.42 1220.0 3338.9
1000000.000000 7200000.000000 -162500.000000 4431.40 1180.3 3345.9
1100000.000000 7200000.000000 -162500.000000 4472.60 1145.9 3351.8
1200000.000000 7200000.000000 -162500.000000 4515.45 1106.0 3358.5
0.000000 7300000.000000 -162500.000000 4735.76 757.0 3412.5
100000.000000 7300000.000000 -162500.000000 4720.94 794.0 3407.2
200000.000000 7300000.000000 -162500.000000 4673.22 895.1 3392.2
300000.000000 7300000.000000 -162500.000000 4546.47 1073.9 3363.9
400000.000000 7300000.000000 -162500.000000 4431.22 1180.4 3345.8
500000.000000 7300000.000000 -162500.000000 4319.01 1260.0 3331.8
600000.000000 7300000.000000 -162500.000000 4282.21 1282.8 3327.7
700000.000000 7300000.000000 -162500.000000 4285.59 1280.7 3328.0
800000.000000 7300000.000000 -162500.000000 4317.62 1260.9 3331.6
900000.000000 7300000.000000 -162500.000000 4360.94 1232.3 3336.7
1000000.000000 7300000.000000 -162500.000000 4415.77 1192.5 3343.7
1100000.000000 7300000.000000 -162500.000000 4465.35 1152.2 3350.7
1200000.000000 7300000.000000 -162500.000000 4503.65 1117.5 3356.6
0.000000 7400000.000000 -162500.000000 4713.19 812.3 3404.5
100000.000000 7400000.000000 -162500.000000 4711.83 815.4 3404.1
200000.000000 7400000.000000 -162500.000000 4663.49 912.7 3389.6
300000.000000 7400000.000000 -162500.000000 4554.33 1065.2 3365.3
400000.000000 7400000.000000 -162500.000000 4441.10 1172.5 3347.2
500000.000000 7400000.000000 -162500.000000 4333.22 1250.8 3333.4
600000.000000 7400000.000000 -162500.000000 4289.87 1278.1 3328.5
700000.000000 7400000.000000 -162500.000000 4286.68 1280.1 3328.2
800000.000000 7400000.000000 -162500.000000 4308.39 1266.7 3330.6
900000.000000 7400000.000000 -162500.000000 4348.76 1240.5 3335.3
1000000.000000 7400000.000000 -162500.000000 4396.70 1206.8 3341.2
1100000.000000 7400000.000000 -162500.000000 4451.00 1164.3 3348.6
1200000.000000 7400000.000000 -162500.000000 4485.54 1134.3 3353.7
0.000000 7500000.000000 -162500.000000 4667.65 905.3 3390.7
100000.000000 7500000.000000 -162500.000000 4688.09 866.3 3396.6
200000.000000 7500000.000000 -162500.000000 4636.33 957.7 3382.6
300000.000000 7500000.000000 -162500.000000 4561.96 1056.6 3366.7
400000.000000 7500000.000000 -162500.000000 4449.35 1165.7 3348.4
500000.000000 7500000.000000 -162500.000000 4369.44 1226.4 3337.8
600000.000000 7500000.000000 -162500.000000 4317.70 1260.8 3331.6
700000.000000 7500000.000000 -162500.000000 4302.38 1270.4 3329.9
800000.000000 7500000.000000 -162500.000000 4311.83 1264.5 3331.0
900000.000000 7500000.000000 -162500.000000 4342.24 1244.9 3334.5
1000000.000000 7500000.000000 -162500.000000 4377.00 1221.0 3338.7
1100000.000000 7500000.000000 -162500.000000 4419.64 1189.5 3344.2
1200000.000000 7500000.000000 -162500.000000 4460.21 1156.6 3349.9
0.000000 7600000.000000 -162500.000000 4647.71 939.6 3385.4
100000.000000 7600000.000000 -162500.000000 4672.47 896.5 3392.0
200000.000000 7600000.000000 -162500.000000 4623.96 976.3 3379.7
300000.000000 7600000.000000 -162500.000000 4559.67 1059.2 3366.3
400000.000000 7600000.000000 -162500.000000 4469.74 1148.4 3351.3
500000.000000 7600000.000000 -162500.000000 4403.84 1201.5 3342.1
600000.000000 7600000.000000 -162500.000000 4344.07 1243.7 3334.7
700000.000000 7600000.000000 -162500.000000 4315.22 1262.4 3331.3
800000.000000 7600000.000000 -162500.000000 4317.55 1260.9 3331.6
900000.000000 7600000.000000 -162500.000000 4332.79 1251.1 3333.4
1000000.000000 7600000.000000 -162500.000000 4354.31 1236.8 3335.9
1100000.000000 7600000.000000 -162500.000000 4383.34 1216.5 3339.5
1200000.000000 7600000.000000 -162500.000000 4428.12 1182.9 3345.4
0.000000 7700000.000000 -162500.000000 4650.79 934.5 3386.2
100000.000000 7700000.000000 -162500.000000 4661.12 916.9 3388.9
200000.000000 7700000.000000 -162500.000000 4615.79 988.1 3377.8
300000.000000 7700000.000000 -162500.000000 4556.29 1063.0 3365.7
400000.000000 7700000.000000 -162500.000000 4493.59 1126.9 3355.0
500000.000000 7700000.000000 -162500.000000 4432.38 1179.5 3346.0
600000.000000 7700000.000000 -162500.000000 4374.35 1222.9 3338.4
700000.000000 7700000.000000 -162500.000000 4336.35 1248.8 3333.8
800000.000000 7700000.000000 -162500.000000 4329.26 1253.4 3333.0
900000.000000 7700000.000000 -162500.000000 4325.75 1255.7 3332.5
1000000.000000 7700000.000000 -162500.000000 4338.28 1247.5 3334.0
1100000.000000 7700000.000000 -162500.000000 4347.62 1241.3 3335.1
1200000.000000 7700000.000000 -162500.000000 4377.76 1220.5 3338.8
0.000000 7800000.000000 -162500.000000 4653.35 930.2 3386.9
100000.000000 7800000.000000 -162500.000000 4639.86 952.2 3383.5
200000.000000 7800000.000000 -162500.000000 4605.64 1002.2 3375.6
300000.000000 7800000.000000 -162500.000000 4554.15 1065.4 3365.3
400000.000000 7800000.000000 -162500.000000 4523.20 1098.3 3359.8
500000.000000 7800000.000000 -162500.000000 4470.12 1148.0 3351.4
600000.000000 7800000.000000 -162500.000000 4414.16 1193.7 3343.5
700000.000000 7800000.000000 -162500.000000 4371.34 1225.0 3338.0
800000.000000 7800000.000000 -162500.000000 4340.80 1245.8 3334.3
900000.000000 7800000.000000 -162500.000000 4322.01 1258.1 3332.1
1000000.000000 7800000.000000 -162500.000000 4317.84 1260.7 3331.6
1100000.000000 7800000.000000 -162500.000000 4329.08 1253.5 3332.9
1200000.000000 7800000.000000 -162500.000000 4340.69 1245.9 3334.3
0.000000 6000000.000000 -200000.000000 4522.13 1179.7 3369.9
100000.000000 6000000.000000 -200000.000000 4510.99 1190.3 3368.1
200000.000000 6000000.000000 -200000.000000 4499.45 1201.0 3366.2
300000.000000 6000000.000000 -200000.000000 4476.46 1221.3 3362.7
400000.000000 6000000.000000 -200000.000000 4463.18 1232.6 3360.7
500000.000000 6000000.000000 -200000.000000 4451.36 1242.3 3359.0
600000.000000 6000000.000000 -200000.000000 4453.84 1240.3 3359.4
700000.000000 6000000.000000 -200000.000000 4455.11 1239.3 3359.5
800000.000000 6000000.000000 -200000.000000 4443.56 1248.6 3357.9
900000.000000 6000000.000000 -200000.000000 4426.68 1261.9 3355.5
1000000.000000 6000000.000000 -200000.000000 4411.15 1273.7 3353.5
1100000.000000 6000000.000000 -200000.000000 4404.71 1278.4 3352.6
1200000.000000 6000000.000000 -200000.000000 4401.82 1280.6 3352.2
0.000000 6100000.000000 -200000.000000 4570.70 1129.2 3378.4
100000.000000 6100000.000000 -200000.000000 4536.55 1165.5 3372.3
200000.000000 6100000.000000 -200000.000000 4497.77 1202.5 3366.0
300000.000000 6100000.000000 -200000.000000 4462.96 1232.8 3360.7
400000.000000 6100000.000000 -200000.000000 4456.72 1238.0 3359.8
500000.000000 6100000.000000 -200000.000000 4443.23 1248.9 3357.8
600000.000000 6100000.000000 -200000.000000 4441.92 1249.9 3357.7
700000.000000 6100000.000000 -200000.000000 4430.98 1258.5 3356.1
800000.000000 6100000.000000 -200000.000000 4425.40 1262.9 3355.4
900000.000000 6100000.000000 -200000.000000 4423.94 1264.0 3355.2
1000000.000000 6100000.000000 -200000.000000 4407.70 1276.2 3353.0
1100000.000000 6100000.000000 -200000.000000 4396.96 1284.1 3351.6
1200000.000000 6100000.000000 -200000.000000 4390.44 1288.8 3350.7
0.000000 6200000.000000 -200000.000000 4592.29 1104.2 3382.6
100000.000000 6200000.000000 -200000.000000 4549.90 1151.7 3374.6
200000.000000 6200000.000000 -200000.000000 4511.29 1190.0 3368.1
300000.000000 6200000.000000 -200000.000000 4470.95 1226.1 3361.9
400000.000000 6200000.000000 -200000.000000 4441.34 1250.4 3357.6
500000.000000 6200000.000000 -200000.000000 4424.02 1263.9 3355.2
600000.000000 6200000.000000 -200000.000000 4417.00 1269.3 3354.2
700000.000000 6200000.000000 -200000.000000 4423.07 1264.6 3355.1
800000.000000 6200000.000000 -200000.000000 4425.04 1263.1 3355.3
900000.000000 6200000.000000 -200000.000000 4415.76 1270.2 3354.1
1000000.000000 6200000.000000 -200000.000000 4405.10 1278.1 3352.6
1100000.000000 6200000.000000 -200000.000000 4393.34 1286.7 3351.1
1200000.000000 6200000.000000 -200000.000000 4379.39 1296.7 3349.3
0.000000 6300000.000000 -200000.000000 4580.96 1117.5 3380.4
100000.000000 6300000.000000 -200000.000000 4550.67 1150.9 3374.8
200000.000000 6300000.000000 -200000.000000 4514.03 1187.4 3368.6
300000.000000 6300000.000000 -200000.000000 4462.13 1233.5 3360.6
400000.000000 6300000.000000 -200000.000000 4427.75 1261.0 3355.7
500000.000000 6300000.000000 -200000.000000 4410.60 1274.1 3353.4
600000.000000 6300000.000000 -200000.000000 4397.33 1283.8 3351.6
700000.000000 6300000.000000 -200000.000000 4403.00 1279.7 3352.4
800000.000000 6300000.000000 -200000.000000 4410.49 1274.1 3353.4
900000.000000 6300000.000000 -200000.000000 4405.11 1278.1 3352.6
1000000.000000 6300000.000000 -200000.000000 4396.54 1284.4 3351.5
1100000.000000 6300000.000000 -200000.000000 4385.54 1292.3 3350.1
1200000.000000 6300000.000000 -200000.000000 4375.15 1299.6 3348.8
0.000000 6400000.000000 -200000.000000 4549.91 1151.7 3374.6
100000.000000 6400000.000000 -200000.000000 4554.16 1147.2 3375.4
200000.000000 6400000.000000 -200000.000000 4518.05 1183.6 3369.2
300000.000000 6400000.000000 -200000.000000 4465.18 1230.9 3361.0
400000.000000 6400000.000000 -200000.000000 4419.90 1267.1 3354.6
500000.000000 6400000.000000 -200000.000000 4395.44 1285.2 3351.4
600000.000000 6400000.000000 -200000.000000 4386.15 1291.9 3350.2
700000.000000 6400000.000000 -200000.000000 4390.08 1289.1 3350.7
800000.000000 6400000.000000 -200000.000000 4401.59 1280.7 3352.2
900000.000000 6400000.000000 -200000.000000 4405.06 1278.2 3352.6
1000000.000000 6400000.000000 -200000.000000 4395.05 1285.5 3351.3
1100000.000000 6400000.000000 -200000.000000 4379.77 1296.4 3349.4
1200000.000000 6400000.000000 -200000.000000 4370.91 1302.6 3348.3
0.000000 6500000.000000 -200000.000000 4541.55 1160.4 3373.2
100000.000000 6500000.000000 -200000.000000 4556.22 1145.0 3375.8
200000.000000 6500000.000000 -200000.000000 4525.99 1175.9 3370.5
300000.000000 6500000.000000 -200000.000000 4473.69 1223.7 3362.3
400000.000000 6500000.000000 -200000.000000 4418.52 1268.1 3354.4
500000.000000 6500000.000000 -200000.000000 4391.74 1287.9 3350.9
600000.000000 6500000.000000 -200000.000000 4383.27 1293.9 3349.8
700000.000000 6500000.000000 -200000.000000 4384.65 1293.0 3350.0
800000.000000 6500000.000000 -200000.000000 4397.58 1283.7 3351.7
900000.000000 6500000.000000 -200000.000000 4407.14 1276.6 3352.9
1000000.000000 6500000.000000 -200000.000000 4400.91 1281.2 3352.1
1100000.000000 6500000.000000 -200000.000000 4389.33 1289.6 3350.6
1200000.000000 6500000.000000 -200000.000000 4377.85 1297.7 3349.1
0.000000 6600000.000000 -200000.000000 4537.45 1164.5 3372.5
100000.000000 6600000.000000 -200000.000000 4557.89 1143.3 3376.1
200000.000000 6600000.000000 -200000.000000 4537.57 1164.4 3372.5
300000.000000 6600000.000000 -200000.000000 4487.79 1211.5 3364.4
400000.000000 6600000.000000 -200000.000000 4423.66 1264.2 3355.1
500000.000000 6600000.000000 -200000.000000 4385.44 1292.4 3350.1
600000.000000 6600000.000000 -200000.000000 4377.09 1298.3 3349.0
700000.000000 6600000.000000 -200000.000000 4382.81 1294.2 3349.8
800000.000000 6600000.000000 -200000.000000 4397.24 1283.9 3351.6
900000.000000 6600000.000000 -200000.000000 4411.52 1273.4 3353.5
1000000.000000 6600000.000000 -200000.000000 4413.59 1271.8 3353.8
1100000.000000 6600000.000000 -200000.000000 4402.52 1280.0 3352.3
1200000.000000 6600000.000000 -200000.000000 4397.66 1283.6 3351.7
0.000000 6700000.000000 -200000.000000 4533.06 1169.0 3371.7
100000.000000 6700000.000000 -200000.000000 4555.21 1146.1 3375.6
200000.000000 6700000.000000 -200000.000000 4550.28 1151.3 3374.7
300000.000000 6700000.000000 -200000.000000 4500.71 1199.8 3366.4
400000.000000 6700000.000000 -200000.000000 4429.74 1259.5 3356.0
500000.000000 6700000.000000 -200000.000000 4373.78 1300.6 3348.6
600000.000000 6700000.000000 -200000.000000 4360.05 1310.0 3346.9
700000.000000 6700000.000000 -200000.000000 4375.24 1299.6 3348.8
800000.000000 6700000.000000 -200000.000000 4396.48 1284.5 3351.5
900000.000000 6700000.000000 -200000.000000 4415.75 1270.2 3354.1
1000000.000000 6700000.000000 -200000.000000 4423.82 1264.1 3355.2
1100000.000000 6700000.000000 -200000.000000 4415.89 1270.1 3354.1
1200000.000000 6700000.000000 -200000.000000 4432.68 1257.2 3356.4
0.000000 6800000.000000 -200000.000000 4528.83 1173.1 3371.0
100000.000000 6800000.000000 -200000.000000 4561.37 1139.5 3376.7
200000.000000 6800000.000000 -200000.000000 4566.00 1134.4 3377.6
300000.000000 6800000.000000 -200000.000000 4509.84 1191.4 3367.9
400000.000000 6800000.000000 -200000.000000 4436.26 1254.4 3356.9
500000.000000 6800000.000000 -200000.000000 4366.27 1305.8 3347.7
600000.000000 6800000.000000 -200000.000000 4347.54 1318.4 3345.4
700000.000000 6800000.000000 -200000.000000 4365.03 1306.6 3347.5
800000.000000 6800000.000000 -200000.000000 4391.48 1288.1 3350.9
900000.000000 6800000.000000 -200000.000000 4414.82 1270.9 3353.9
1000000.000000 6800000.000000 -200000.000000 4433.44 1256.6 3356.5
1100000.000000 6800000.000000 -200000.000000 4446.75 1246.1 3358.3
1200000.000000 6800000.000000 -200000.000000 4454.34 1239.9 3359.4
0.000000 6900000.000000 -200000.000000 4586.58 1111.0 3381.5
100000.000000 6900000.000000 -200000.000000 4633.80 1050.2 3391.4
200000.000000 6900000.000000 -200000.000000 4620.62 1068.3 3388.5
300000.000000 6900000.000000 -200000.000000 4536.71 1165.3 3372.3
400000.000000 6900000.000000 -200000.000000 4440.93 1250.7 3357.5
500000.000000 6900000.000000 -200000.000000 4373.32 1300.9 3348.6
600000.000000 6900000.000000 -200000.000000 4345.97 1319.5 3345.2
700000.000000 6900000.000000 -200000.000000 4357.01 1312.1 3346.5
800000.000000 6900000.000000 -200000.000000 4386.46 1291.7 3350.2
900000.000000 6900000.000000 -200000.000000 4412.51 1272.6 3353.6
1000000.000000 6900000.000000 -200000.000000 4433.87 1256.3 3356.5
1100000.000000 6900000.000000 -200000.000000 4459.49 1235.7 3360.2
1200000.000000 6900000.000000 -200000.000000 4471.14 1225.9 3361.9
0.000000 7000000.000000 -200000.000000 4640.90 1040.0 3393.1
100000.000000 7000000.000000 -200000.000000 4712.50 917.1 3412.3
200000.000000 7000000.000000 -200000.000000 4668.62 997.3 3399.9
300000.000000 7000000.000000 -200000.000000 4571.86 1127.9 3378.7
400000.000000 7000000.000000 -200000.000000 4456.35 1238.3 3359.7
500000.000000 7000000.000000 -200000.000000 4392.37 1287.4 3351.0
600000.000000 7000000.000000 -200000.000000 4355.13 1313.4 3346.3
700000.000000 7000000.000000 -200000.000000 4355.07 1313.4 3346.3
800000.000000 7000000.000000 -200000.000000 4380.79 1295.7 3349.5
900000.000000 7000000.000000 -200000.000000 4412.04 1273.0 3353.6
1000000.000000 7000000.000000 -200000.000000 4443.16 1248.9 3357.8
1100000.000000 7000000.000000 -200000.000000 4468.67 1228.0 3361.5
1200000.000000 7000000.000000 -200000.000000 4486.65 1212.5 3364.2
0.000000 7100000.000000 -200000.000000 4701.59 938.7 3409.0
100000.000000 7100000.000000 -200000.000000 4753.90 822.8 3426.2
200000.000000 7100000.000000 -200000.000000 4691.36 957.9 3406.0
300000.000000 7100000.000000 -200000.000000 4592.79 1103.6 3382.7
400000.000000 7100000.000000 -200000.000000 4465.61 1230.6 3361.1
500000.000000 7100000.000000 -200000.000000 4397.65 1283.6 3351.7
600000.000000 7100000.000000 -200000.000000 4356.48 1312.4 3346.5
700000.000000 7100000.000000 -200000.000000 4351.40 1315.9 3345.9
800000.000000 7100000.000000 -200000.000000 4378.07 1297.6 3349.2
900000.000000 7100000.000000 -200000.000000 4416.16 1269.9 3354.1
1000000.000000 7100000.000000 -200000.000000 4453.63 1240.5 3359.3
1100000.000000 7100000.000000 -200000.000000 4482.13 1216.4 3363.5
1200000.000000 7100000.000000 -200000.000000 4510.13 1191.1 3367.9
0.000000 7200000.000000 -200000.000000 4745.88 842.7 3423.3
100000.000000 7200000.000000 -200000.000000 4774.78 767.3 3434.1
200000.000000 7200000.000000 -200000.000000 4711.21 919.7 3411.9
300000.000000 7200000.000000 -200000.000000 4603.54 1090.3 3384.9
400000.000000 7200000.000000 -200000.000000 4476.81 1221.1 3362.7
500000.000000 7200000.000000 -200000.000000 4385.36 1292.4 3350.1
600000.000000 7200000.000000 -200000.000000 4344.06 1320.7 3345.0
700000.000000 7200000.000000 -200000.000000 4342.22 1321.9 3344.7
800000.000000 7200000.000000 -200000.000000 4367.07 1305.2 3347.8
900000.000000 7200000.000000 -200000.000000 4406.50 1277.1 3352.8
1000000.000000 7200000.000000 -200000.000000 4448.79 1244.4 3358.6
1100000.000000 7200000.000000 -200000.000000 4478.62 1219.5 3363.0
1200000.000000 7200000.000000 -200000.000000 4510.15 1191.1 3367.9
0.000000 7300000.000000 -200000.000000 4792.73 715.4 3441.2
100000.000000 7300000.000000 -200000.000000 4781.75 747.6 3436.8
200000.000000 7300000.000000 -200000.000000 4739.54 857.8 3421.1
300000.000000 7300000.000000 -200000.000000 4613.83 1077.2 3387.0
400000.000000 7300000.000000 -200000.000000 4494.43 1205.5 3365.4
500000.000000 7300000.000000 -200000.000000 4376.02 1299.0 3348.9
600000.000000 7300000.000000 -200000.000000 4330.06 1329.9 3343.3
700000.000000 7300000.000000 -200000.000000 4324.83 1333.2 3342.7
800000.000000 7300000.000000 -200000.000000 4345.47 1319.8 3345.1
900000.000000 7300000.000000 -200000.000000 4380.17 1296.1 3349.4
1000000.000000 7300000.000000 -200000.000000 4425.61 1262.7 3355.4
1100000.000000 7300000.000000 -200000.000000 4468.30 1228.3 3361.5
1200000.000000 7300000.000000 -200000.000000 4499.83 1200.6 3366.3
0.000000 7400000.000000 -200000.000000 4768.33 785.0 3431.6
100000.000000 7400000.000000 -200000.000000 4769.13 782.9 3431.9
200000.000000 7400000.000000 -200000.000000 4724.66 891.5 3416.1
300000.000000 7400000.000000 -200000.000000 4615.75 1074.7 3387.5
400000.000000 7400000.000000 -200000.000000 4499.69 1200.8 3366.3
500000.000000 7400000.000000 -200000.000000 4385.75 1292.2 3350.1
600000.000000 7400000.000000 -200000.000000 4334.34 1327.1 3343.8
700000.000000 7400000.000000 -200000.000000 4323.21 1334.3 3342.5
800000.000000 7400000.000000 -200000.000000 4332.53 1328.3 3343.6
900000.000000 7400000.000000 -200000.000000 4363.00 1308.0 3347.3
1000000.000000 7400000.000000 -200000.000000 4400.94 1281.2 3352.1
1100000.000000 7400000.000000 -200000.000000 4445.38 1247.2 3358.2
1200000.000000 7400000.000000 -200000.000000 4477.33 1220.6 3362.8
0.000000 7500000.000000 -200000.000000 4719.71 902.1 3414.5
100000.000000 7500000.000000 -200000.000000 4739.86 857.1 3421.2
200000.000000 7500000.000000 -200000.000000 4689.07 962.0 3405.4
300000.000000 7500000.000000 -200000.000000 4614.28 1076.6 3387.1
400000.000000 7500000.000000 -200000.000000 4499.31 1201.1 3366.2
500000.000000 7500000.000000 -200000.000000 4414.22 1271.4 3353.9
600000.000000 7500000.000000 -200000.000000 4357.11 1312.0 3346.5
700000.000000 7500000.000000 -200000.000000 4332.78 1328.1 3343.6
800000.000000 7500000.000000 -200000.000000 4333.92 1327.4 3343.8
900000.000000 7500000.000000 -200000.000000 4354.33 1313.9 3346.2
1000000.000000 7500000.000000 -200000.000000 4382.17 1294.7 3349.7
1100000.000000 7500000.000000 -200000.000000 4417.59 1268.8 3354.3
1200000.000000 7500000.000000 -200000.000000 4451.39 1242.3 3359.0
0.000000 7600000.000000 -200000.000000 4700.13 941.5 3408.5
100000.000000 7600000.000000 -200000.000000 4717.29 907.2 3413.8
200000.000000 7600000.000000 -200000.000000 4663.39 1005.7 3398.5
300000.000000 7600000.000000 -200000.000000 4599.79 1095.0 3384.1
400000.000000 7600000.000000 -200000.000000 4512.18 1189.2 3368.3
500000.000000 7600000.000000 -200000.000000 4444.23 1248.1 3358.0
600000.000000 7600000.000000 -200000.000000 4380.98 1295.5 3349.5
700000.000000 7600000.000000 -200000.000000 4345.15 1320.0 3345.1
800000.000000 7600000.000000 -200000.000000 4341.61 1322.3 3344.7
900000.000000 7600000.000000 -200000.000000 4348.16 1318.0 3345.5
1000000.000000 7600000.000000 -200000.000000 4365.12 1306.6 3347.5
1100000.000000 7600000.000000 -200000.000000 4387.42 1291.0 3350.3
1200000.000000 7600000.000000 -200000.000000 4421.85 1265.6 3354.9
0.000000 7700000.000000 -200000.000000 4695.46 950.3 3407.2
100000.000000 7700000.000000 -200000.000000 4702.24 937.4 3409.2
200000.000000 7700000.000000 -200000.000000 4647.11 1030.9 3394.5
300000.000000 7700000.000000 -200000.000000 4585.08 1112.7 3381.2
400000.000000 7700000.000000 -200000.000000 4520.59 1181.2 3369.6
500000.000000 7700000.000000 -200000.000000 4458.78 1236.3 3360.1
600000.000000 7700000.000000 -200000.000000 4397.40 1283.8 3351.6
700000.000000 7700000.000000 -200000.000000 4356.82 1312.2 3346.5
800000.000000 7700000.000000 -200000.000000 4347.23 1318.6 3345.3
900000.000000 7700000.000000 -200000.000000 4341.29 1322.6 3344.6
1000000.000000 7700000.000000 -200000.000000 4335.55 1326.3 3343.9
1100000.000000 7700000.000000 -200000.000000 4347.16 1318.7 3345.3
1200000.000000 7700000.000000 -200000.000000 4367.80 1304.7 3347.9
0.000000 7800000.000000 -200000.000000 4701.15 939.5 3408.8
100000.000000 7800000.000000 -200000.000000 4672.10 991.5 3400.8
200000.000000 7800000.000000 -200000.000000 4621.81 1066.7 3388.8
300000.000000 7800000.000000 -200000.000000 4561.47 1139.4 3376.7
400000.000000 7800000.000000 -200000.000000 4529.88 1172.1 3371.2
500000.000000 7800000.000000 -200000.000000 4476.79 1221.1 3362.7
600000.000000 7800000.000000 -200000.000000 4419.01 1267.7 3354.5
700000.000000 7800000.000000 -200000.000000 4376.89 1298.4 3349.0
800000.000000 7800000.000000 -200000.000000 4347.67 1318.3 3345.4
900000.000000 7800000.000000 -200000.000000 4333.04 1328.0 3343.7
1000000.000000 7800000.000000 -200000.000000 4329.93 1330.0 3343.3
1100000.000000 7800000.000000 -200000.000000 4338.00 1324.7 3344.2
1200000.000000 7800000.000000 -200000.000000 4352.14 1315.4 3345.9
