# Temperature output
# Input file: VsSL2013.dat
# Mantle composition:
# cpx - 0.133
# gnt - 0.153
# jd - 0.045
# ol - 0.617
# opx - 0.052
# XFe - 0.11
# Pressure calculation: AK135
# Wave frequency (Omega) / Hz: 0.02
# Anelasticity parameters: Sobolev et al. (1996)
# Alpha depending on: Temperature, Pressure
# Columns:
# 1 - X
# 2 - Y
# 3 - Z / masl
# 4 - V_S / m/s
# 5 - T_syn / degC
# 6 - Rho / kg/m3
0.000000 6000000.000000 -50000.000000 4287.65 1046.3 3287.0
100000.000000 6000000.000000 -50000.000000 4268.31 1057.7 3285.6
200000.000000 6000000.000000 -50000.000000 4199.97 1095.3 3280.3
300000.000000 6000000.000000 -50000.000000 4211.42 1089.2 3281.3
400000.000000 6000000.000000 -50000.000000 4255.62 1065.0 3284.5
500000.000000 6000000.000000 -50000.000000 4321.22 1025.4 3289.7
600000.000000 6000000.000000 -50000.000000 4351.67 1005.1 3292.7
700000.000000 6000000.000000 -50000.000000 4393.21 975.1 3296.7
800000.000000 6000000.000000 -50000.000000 4446.59 931.5 3302.5
900000.000000 6000000.000000 -50000.000000 4511.32 867.7 3311.1
1000000.000000 6000000.000000 -50000.000000 4540.59 833.3 3315.7
1100000.000000 6000000.000000 -50000.000000 4530.66 845.4 3314.2
1200000.000000 6000000.000000 -50000.000000 4520.57 857.4 3312.4
0.000000 6100000.000000 -50000.000000 4214.74 1087.4 3281.5
100000.000000 6100000.000000 -50000.000000 4197.87 1096.3 3280.1
200000.000000 6100000.000000 -50000.000000 4274.23 1054.2 3286.0
300000.000000 6100000.000000 -50000.000000 4166.95 1111.9 3278.1
400000.000000 6100000.000000 -50000.000000 4226.34 1081.2 3282.3
500000.000000 6100000.000000 -50000.000000 4286.77 1046.8 3286.9
600000.000000 6100000.000000 -50000.000000 4325.96 1022.3 3290.3
700000.000000 6100000.000000 -50000.000000 4355.12 1002.7 3293.0
800000.000000 6100000.000000 -50000.000000 4503.69 876.0 3310.0
900000.000000 6100000.000000 -50000.000000 4424.88 950.0 3300.1
1000000.000000 6100000.000000 -50000.000000 4474.84 905.4 3306.0
1100000.000000 6100000.000000 -50000.000000 4516.49 862.0 3311.8
1200000.000000 6100000.000000 -50000.000000 4520.07 858.0 3312.3
0.000000 6200000.000000 -50000.000000 4194.14 1098.3 3279.8
100000.000000 6200000.000000 -50000.000000 4189.06 1100.9 3279.5
200000.000000 6200000.000000 -50000.000000 4173.36 1108.8 3278.5
300000.000000 6200000.000000 -50000.000000 4165.32 1112.8 3278.0
400000.000000 6200000.000000 -50000.000000 4242.55 1072.4 3283.4
500000.000000 6200000.000000 -50000.000000 4304.46 1035.9 3288.5
600000.000000 6200000.000000 -50000.000000 4342.38 1011.4 3291.8
700000.000000 6200000.000000 -50000.000000 4341.04 1012.3 3291.6
800000.000000 6200000.000000 -50000.000000 4377.50 986.8 3295.0
900000.000000 6200000.000000 -50000.000000 4392.50 975.6 3296.6
1000000.000000 6200000.000000 -50000.000000 4425.62 949.4 3300.2
1100000.000000 6200000.000000 -50000.000000 4438.83 938.3 3301.5
1200000.000000 6200000.000000 -50000.000000 4480.45 899.9 3306.8
0.000000 6300000.000000 -50000.000000 4259.09 1063.0 3284.9
100000.000000 6300000.000000 -50000.000000 4233.93 1077.1 3282.8
200000.000000 6300000.000000 -50000.000000 4192.34 1099.2 3279.7
300000.000000 6300000.000000 -50000.000000 4207.69 1091.2 3281.0
400000.000000 6300000.000000 -50000.000000 4271.85 1055.6 3285.8
500000.000000 6300000.000000 -50000.000000 4316.30 1028.5 3289.5
600000.000000 6300000.000000 -50000.000000 4362.11 997.8 3293.6
700000.000000 6300000.000000 -50000.000000 4358.26 1000.5 3293.2
800000.000000 6300000.000000 -50000.000000 4359.29 999.8 3293.3
900000.000000 6300000.000000 -50000.000000 4391.15 976.6 3296.5
1000000.000000 6300000.000000 -50000.000000 4419.03 954.8 3299.5
1100000.000000 6300000.000000 -50000.000000 4431.23 944.9 3300.4
1200000.000000 6300000.000000 -50000.000000 4452.81 925.9 3303.3
0.000000 6400000.000000 -50000.000000 4370.88 991.6 3294.3
100000.000000 6400000.000000 -50000.000000 4288.53 1045.7 3287.1
200000.000000 6400000.000000 -50000.000000 4222.30 1083.4 3282.0
300000.000000 6400000.000000 -50000.000000 4240.78 1073.4 3283.3
400000.000000 6400000.000000 -50000.000000 4277.57 1052.3 3286.1
500000.000000 6400000.000000 -50000.000000 4315.65 1028.9 3289.5
600000.000000 6400000.000000 -50000.000000 4337.97 1014.4 3291.3
700000.000000 6400000.000000 -50000.000000 4348.60 1007.2 3292.4
800000.000000 6400000.000000 -50000.000000 4350.95 1005.6 3292.6
900000.000000 6400000.000000 -50000.000000 4385.79 980.6 3296.0
1000000.000000 6400000.000000 -50000.000000 4422.33 952.1 3299.8
1100000.000000 6400000.000000 -50000.000000 4469.92 910.2 3305.3
1200000.000000 6400000.000000 -50000.000000 4473.79 906.4 3305.8
0.000000 6500000.000000 -50000.000000 4354.11 1003.4 3292.9
100000.000000 6500000.000000 -50000.000000 4263.51 1060.4 3285.2
200000.000000 6500000.000000 -50000.000000 4224.18 1082.4 3282.1
300000.000000 6500000.000000 -50000.000000 4224.10 1082.4 3282.1
400000.000000 6500000.000000 -50000.000000 4232.30 1078.0 3282.7
500000.000000 6500000.000000 -50000.000000 4250.70 1067.8 3284.1
600000.000000 6500000.000000 -50000.000000 4263.43 1060.5 3285.2
700000.000000 6500000.000000 -50000.000000 4287.64 1046.3 3287.0
800000.000000 6500000.000000 -50000.000000 4311.54 1031.5 3289.1
900000.000000 6500000.000000 -50000.000000 4343.20 1010.8 3291.9
1000000.000000 6500000.000000 -50000.000000 4384.73 981.4 3295.9
1100000.000000 6500000.000000 -50000.000000 4427.54 947.8 3300.4
1200000.000000 6500000.000000 -50000.000000 4489.46 891.1 3307.7
0.000000 6600000.000000 -50000.000000 4169.83 1110.5 3278.3
100000.000000 6600000.000000 -50000.000000 4162.47 1114.1 3277.8
200000.000000 6600000.000000 -50000.000000 4217.60 1085.9 3281.7
300000.000000 6600000.000000 -50000.000000 4236.63 1075.6 3283.0
400000.000000 6600000.000000 -50000.000000 4232.19 1078.1 3282.7
500000.000000 6600000.000000 -50000.000000 4238.12 1074.8 3283.1
600000.000000 6600000.000000 -50000.000000 4250.61 1067.9 3284.1
700000.000000 6600000.000000 -50000.000000 4277.69 1052.2 3286.1
800000.000000 6600000.000000 -50000.000000 4295.05 1041.8 3287.6
900000.000000 6600000.000000 -50000.000000 4305.16 1035.5 3288.6
1000000.000000 6600000.000000 -50000.000000 4346.30 1008.7 3292.2
1100000.000000 6600000.000000 -50000.000000 4383.55 982.3 3295.7
1200000.000000 6600000.000000 -50000.000000 4426.96 948.3 3300.3
0.000000 6700000.000000 -50000.000000 4053.48 1164.0 3271.0
100000.000000 6700000.000000 -50000.000000 4107.50 1140.2 3274.3
200000.000000 6700000.000000 -50000.000000 4218.20 1085.6 3281.7
300000.000000 6700000.000000 -50000.000000 4298.27 1039.8 3287.9
400000.000000 6700000.000000 -50000.000000 4305.46 1035.3 3288.6
500000.000000 6700000.000000 -50000.000000 4303.50 1036.5 3288.5
600000.000000 6700000.000000 -50000.000000 4308.95 1033.1 3288.9
700000.000000 6700000.000000 -50000.000000 4312.74 1030.7 3289.2
800000.000000 6700000.000000 -50000.000000 4312.74 1030.7 3289.2
900000.000000 6700000.000000 -50000.000000 4317.48 1027.7 3289.6
1000000.000000 6700000.000000 -50000.000000 4336.75 1015.2 3291.2
1100000.000000 6700000.000000 -50000.000000 4355.40 1002.5 3293.0
1200000.000000 6700000.000000 -50000.000000 4391.88 976.1 3296.6
0.000000 6800000.000000 -50000.000000 3964.42 1200.2 3266.1
100000.000000 6800000.000000 -50000.000000 4061.39 1160.7 3271.1
200000.000000 6800000.000000 -50000.000000 4225.76 1081.6 3282.2
300000.000000 6800000.000000 -50000.000000 4367.57 994.0 3294.0
400000.000000 6800000.000000 -50000.000000 4360.05 999.3 3293.2
500000.000000 6800000.000000 -50000.000000 4351.92 1004.9 3292.7
600000.000000 6800000.000000 -50000.000000 4359.63 999.6 3293.3
700000.000000 6800000.000000 -50000.000000 4370.94 991.6 3294.3
800000.000000 6800000.000000 -50000.000000 4387.40 979.4 3296.1
900000.000000 6800000.000000 -50000.000000 4388.94 978.3 3296.3
1000000.000000 6800000.000000 -50000.000000 4379.54 985.3 3295.3
1100000.000000 6800000.000000 -50000.000000 4374.02 989.4 3294.6
1200000.000000 6800000.000000 -50000.000000 4379.70 985.2 3295.3
0.000000 6900000.000000 -50000.000000 3857.50 1239.7 3260.7
100000.000000 6900000.000000 -50000.000000 3922.74 1216.1 3264.0
200000.000000 6900000.000000 -50000.000000 4080.03 1152.5 3272.4
300000.000000 6900000.000000 -50000.000000 4244.32 1071.4 3283.5
400000.000000 6900000.000000 -50000.000000 4313.41 1030.3 3289.3
500000.000000 6900000.000000 -50000.000000 4315.97 1028.7 3289.5
600000.000000 6900000.000000 -50000.000000 4343.74 1010.5 3291.9
700000.000000 6900000.000000 -50000.000000 4365.05 995.8 3293.8
800000.000000 6900000.000000 -50000.000000 4393.87 974.6 3296.7
900000.000000 6900000.000000 -50000.000000 4421.85 952.4 3299.8
1000000.000000 6900000.000000 -50000.000000 4441.23 936.2 3301.8
1100000.000000 6900000.000000 -50000.000000 4458.74 920.5 3304.0
1200000.000000 6900000.000000 -50000.000000 4443.73 934.0 3302.1
0.000000 7000000.000000 -50000.000000 3797.04 1260.5 3257.7
100000.000000 7000000.000000 -50000.000000 3773.18 1268.4 3256.5
200000.000000 7000000.000000 -50000.000000 3917.26 1218.1 3263.7
300000.000000 7000000.000000 -50000.000000 4065.78 1158.7 3271.7
400000.000000 7000000.000000 -50000.000000 4186.49 1102.2 3279.3
500000.000000 7000000.000000 -50000.000000 4224.34 1082.3 3282.1
600000.000000 7000000.000000 -50000.000000 4260.33 1062.3 3285.0
700000.000000 7000000.000000 -50000.000000 4303.50 1036.5 3288.5
800000.000000 7000000.000000 -50000.000000 4340.72 1012.5 3291.6
900000.000000 7000000.000000 -50000.000000 4390.04 977.5 3296.4
1000000.000000 7000000.000000 -50000.000000 4435.12 941.4 3301.1
1100000.000000 7000000.000000 -50000.000000 4472.71 907.5 3305.7
1200000.000000 7000000.000000 -50000.000000 4501.68 878.2 3309.6
0.000000 7100000.000000 -50000.000000 3805.35 1257.7 3258.1
100000.000000 7100000.000000 -50000.000000 3782.99 1265.1 3257.1
200000.000000 7100000.000000 -50000.000000 3876.42 1233.0 3261.6
300000.000000 7100000.000000 -50000.000000 4001.62 1185.5 3268.0
400000.000000 7100000.000000 -50000.000000 4132.92 1128.4 3275.8
500000.000000 7100000.000000 -50000.000000 4180.39 1105.3 3278.9
600000.000000 7100000.000000 -50000.000000 4218.19 1085.6 3281.7
700000.000000 7100000.000000 -50000.000000 4268.57 1057.5 3285.6
800000.000000 7100000.000000 -50000.000000 4289.37 1045.2 3287.1
900000.000000 7100000.000000 -50000.000000 4322.93 1024.2 3290.0
1000000.000000 7100000.000000 -50000.000000 4374.69 988.9 3294.7
1100000.000000 7100000.000000 -50000.000000 4428.47 947.0 3300.5
1200000.000000 7100000.000000 -50000.000000 4482.87 897.5 3307.1
0.000000 7200000.000000 -50000.000000 3815.14 1254.3 3258.7
100000.000000 7200000.000000 -50000.000000 3797.61 1260.3 3257.8
200000.000000 7200000.000000 -50000.000000 3884.85 1230.0 3262.0
300000.000000 7200000.000000 -50000.000000 4012.32 1181.2 3268.6
400000.000000 7200000.000000 -50000.000000 4116.50 1136.0 3274.8
500000.000000 7200000.000000 -50000.000000 4174.03 1108.4 3278.5
600000.000000 7200000.000000 -50000.000000 4228.54 1080.1 3282.2
700000.000000 7200000.000000 -50000.000000 4294.73 1042.0 3287.6
800000.000000 7200000.000000 -50000.000000 4322.54 1024.5 3290.0
900000.000000 7200000.000000 -50000.000000 4346.67 1008.5 3292.2
1000000.000000 7200000.000000 -50000.000000 4376.77 987.3 3294.9
1100000.000000 7200000.000000 -50000.000000 4404.56 966.4 3297.8
1200000.000000 7200000.000000 -50000.000000 4413.43 959.3 3298.7
0.000000 7300000.000000 -50000.000000 3804.28 1258.0 3258.1
100000.000000 7300000.000000 -50000.000000 3814.46 1254.6 3258.7
200000.000000 7300000.000000 -50000.000000 3916.91 1218.3 3263.7
300000.000000 7300000.000000 -50000.000000 4050.63 1165.2 3270.8
400000.000000 7300000.000000 -50000.000000 4100.66 1143.3 3273.9
500000.000000 7300000.000000 -50000.000000 4166.93 1112.0 3278.1
600000.000000 7300000.000000 -50000.000000 4264.12 1060.1 3285.3
700000.000000 7300000.000000 -50000.000000 4354.09 1003.4 3292.9
800000.000000 7300000.000000 -50000.000000 4430.40 945.5 3300.5
900000.000000 7300000.000000 -50000.000000 4453.70 925.1 3303.5
1000000.000000 7300000.000000 -50000.000000 4460.16 919.2 3304.2
1100000.000000 7300000.000000 -50000.000000 4440.71 936.6 3301.8
1200000.000000 7300000.000000 -50000.000000 4410.40 961.8 3298.4
0.000000 7400000.000000 -50000.000000 3750.56 1275.7 3255.8
100000.000000 7400000.000000 -50000.000000 3737.17 1280.0 3255.2
200000.000000 7400000.000000 -50000.000000 3841.78 1245.2 3260.0
300000.000000 7400000.000000 -50000.000000 3986.13 1191.7 3267.3
400000.000000 7400000.000000 -50000.000000 4058.25 1162.0 3271.2
500000.000000 7400000.000000 -50000.000000 4134.46 1127.7 3275.9
600000.000000 7400000.000000 -50000.000000 4250.39 1068.0 3284.0
700000.000000 7400000.000000 -50000.000000 4347.93 1007.6 3292.3
800000.000000 7400000.000000 -50000.000000 4462.20 917.5 3304.2
900000.000000 7400000.000000 -50000.000000 4508.56 870.7 3310.7
1000000.000000 7400000.000000 -50000.000000 4533.94 841.4 3314.7
1100000.000000 7400000.000000 -50000.000000 4511.24 867.8 3311.1
1200000.000000 7400000.000000 -50000.000000 4459.45 919.9 3304.1
0.000000 7500000.000000 -50000.000000 3735.19 1280.6 3255.1
100000.000000 7500000.000000 -50000.000000 3637.07 1310.9 3251.0
200000.000000 7500000.000000 -50000.000000 3724.44 1284.1 3254.6
300000.000000 7500000.000000 -50000.000000 3860.00 1238.8 3260.8
400000.000000 7500000.000000 -50000.000000 3989.60 1190.3 3267.4
500000.000000 7500000.000000 -50000.000000 4068.39 1157.6 3271.8
600000.000000 7500000.000000 -50000.000000 4174.82 1108.0 3278.6
700000.000000 7500000.000000 -50000.000000 4299.33 1039.1 3288.0
800000.000000 7500000.000000 -50000.000000 4403.05 967.5 3297.6
900000.000000 7500000.000000 -50000.000000 4485.50 894.9 3307.5
1000000.000000 7500000.000000 -50000.000000 4524.38 853.0 3313.0
1100000.000000 7500000.000000 -50000.000000 4524.59 852.7 3313.0
1200000.000000 7500000.000000 -50000.000000 4495.50 884.7 3308.7
0.000000 7600000.000000 -50000.000000 3758.91 1273.0 3256.1
100000.000000 7600000.000000 -50000.000000 3650.73 1306.8 3251.6
200000.000000 7600000.000000 -50000.000000 3713.45 1287.5 3254.1
300000.000000 7600000.000000 -50000.000000 3819.57 1252.8 3259.0
400000.000000 7600000.000000 -50000.000000 3945.23 1207.6 3265.0
500000.000000 7600000.000000 -50000.000000 4030.16 1173.8 3269.6
600000.000000 7600000.000000 -50000.000000 4116.61 1136.0 3274.8
700000.000000 7600000.000000 -50000.000000 4237.90 1074.9 3283.1
800000.000000 7600000.000000 -50000.000000 4329.25 1020.1 3290.5
900000.000000 7600000.000000 -50000.000000 4427.65 947.7 3300.4
1000000.000000 7600000.000000 -50000.000000 4465.44 914.4 3304.8
1100000.000000 7600000.000000 -50000.000000 4504.83 874.8 3310.2
1200000.000000 7600000.000000 -50000.000000 4518.07 860.2 3312.0
0.000000 7700000.000000 -50000.000000 3658.55 1304.4 3251.9
100000.000000 7700000.000000 -50000.000000 3708.26 1289.2 3253.9
200000.000000 7700000.000000 -50000.000000 3769.23 1269.7 3256.5
300000.000000 7700000.000000 -50000.000000 3873.48 1234.1 3261.4
400000.000000 7700000.000000 -50000.000000 3980.82 1193.8 3267.0
500000.000000 7700000.000000 -50000.000000 4057.73 1162.2 3271.2
600000.000000 7700000.000000 -50000.000000 4136.86 1126.5 3276.0
700000.000000 7700000.000000 -50000.000000 4233.02 1077.6 3282.7
800000.000000 7700000.000000 -50000.000000 4312.65 1030.8 3289.2
900000.000000 7700000.000000 -50000.000000 4388.99 978.2 3296.3
1000000.000000 7700000.000000 -50000.000000 4441.16 936.2 3301.8
1100000.000000 7700000.000000 -50000.000000 4581.54 777.0 3323.2
1200000.000000 7700000.000000 -50000.000000 4471.76 908.4 3305.5
0.000000 7800000.000000 -50000.000000 3775.64 1267.6 3256.8
100000.000000 7800000.000000 -50000.000000 3788.50 1263.3 3257.4
200000.000000 7800000.000000 -50000.000000 3875.95 1233.2 3261.5
300000.000000 7800000.000000 -50000.000000 4003.49 1184.8 3268.1
400000.000000 7800000.000000 -50000.000000 4064.22 1159.4 3271.6
500000.000000 7800000.000000 -50000.000000 4135.03 1127.4 3275.9
600000.000000 7800000.000000 -50000.000000 4205.24 1092.5 3280.8
700000.000000 7800000.000000 -50000.000000 4262.76 1060.9 3285.2
800000.000000 7800000.000000 -50000.000000 4323.82 1023.7 3290.1
900000.000000 7800000.000000 -50000.000000 4346.08 1008.9 3292.2
1000000.000000 7800000.000000 -50000.000000 4387.68 979.2 3296.2
1100000.000000 7800000.000000 -50000.000000 4416.97 956.4 3299.2
1200000.000000 7800000.000000 -50000.000000 4424.73 950.1 3300.1
0.000000 6000000.000000 -87500.000000 4378.25 1058.2 3326.7
100000.000000 6000000.000000 -87500.000000 4377.44 1058.8 3326.7
200000.000000 6000000.000000 -87500.000000 4380.05 1056.9 3326.9
300000.000000 6000000.000000 -87500.000000 4390.63 1049.1 3327.8
400000.000000 6000000.000000 -87500.000000 4413.40 1031.5 3329.9
500000.000000 6000000.000000 -87500.000000 4444.34 1006.0 3332.9
600000.000000 6000000.000000 -87500.000000 4471.65 981.4 3335.9
700000.000000 6000000.000000 -87500.000000 4501.78 951.9 3339.5
800000.000000 6000000.000000 -87500.000000 4515.52 937.6 3341.1
900000.000000 6000000.000000 -87500.000000 4513.92 939.3 3340.9
1000000.000000 6000000.000000 -87500.000000 4515.09 938.0 3341.1
1100000.000000 6000000.000000 -87500.000000 4517.71 935.2 3341.4
1200000.000000 6000000.000000 -87500.000000 4521.32 931.2 3342.0
0.000000 6100000.000000 -87500.000000 4440.62 1009.1 3332.5
100000.000000 6100000.000000 -87500.000000 4407.43 1036.2 3329.3
200000.000000 6100000.000000 -87500.000000 4391.62 1048.3 3327.8
300000.000000 6100000.000000 -87500.000000 4383.80 1054.1 3327.2
400000.000000 6100000.000000 -87500.000000 4401.42 1040.9 3328.7
500000.000000 6100000.000000 -87500.000000 4427.55 1020.1 3331.1
600000.000000 6100000.000000 -87500.000000 4455.68 996.1 3334.0
700000.000000 6100000.000000 -87500.000000 4480.23 973.4 3336.9
800000.000000 6100000.000000 -87500.000000 4505.01 948.6 3339.9
900000.000000 6100000.000000 -87500.000000 4505.49 948.1 3339.9
1000000.000000 6100000.000000 -87500.000000 4507.96 945.5 3340.4
1100000.000000 6100000.000000 -87500.000000 4512.22 941.1 3340.7
1200000.000000 6100000.000000 -87500.000000 4516.34 936.7 3341.2
0.000000 6200000.000000 -87500.000000 4475.64 977.7 3336.4
100000.000000 6200000.000000 -87500.000000 4429.23 1018.8 3331.3
200000.000000 6200000.000000 -87500.000000 4394.41 1046.2 3328.1
300000.000000 6200000.000000 -87500.000000 4374.44 1061.0 3326.4
400000.000000 6200000.000000 -87500.000000 4384.64 1053.5 3327.4
500000.000000 6200000.000000 -87500.000000 4402.39 1040.1 3328.8
600000.000000 6200000.000000 -87500.000000 4431.81 1016.6 3331.5
700000.000000 6200000.000000 -87500.000000 4461.43 990.9 3334.6
800000.000000 6200000.000000 -87500.000000 4484.63 969.1 3337.3
900000.000000 6200000.000000 -87500.000000 4493.71 960.2 3338.4
1000000.000000 6200000.000000 -87500.000000 4498.06 955.7 3339.1
1100000.000000 6200000.000000 -87500.000000 4502.60 951.1 3339.6
1200000.000000 6200000.000000 -87500.000000 4503.01 950.7 3339.7
0.000000 6300000.000000 -87500.000000 4484.26 969.5 3337.3
100000.000000 6300000.000000 -87500.000000 4435.09 1013.9 3331.9
200000.000000 6300000.000000 -87500.000000 4400.50 1041.6 3328.6
300000.000000 6300000.000000 -87500.000000 4374.09 1061.2 3326.4
400000.000000 6300000.000000 -87500.000000 4377.63 1058.7 3326.7
500000.000000 6300000.000000 -87500.000000 4393.35 1047.0 3328.0
600000.000000 6300000.000000 -87500.000000 4417.50 1028.3 3330.2
700000.000000 6300000.000000 -87500.000000 4440.52 1009.2 3332.5
800000.000000 6300000.000000 -87500.000000 4465.91 986.8 3335.2
900000.000000 6300000.000000 -87500.000000 4483.44 970.3 3337.2
1000000.000000 6300000.000000 -87500.000000 4490.06 963.8 3337.9
1100000.000000 6300000.000000 -87500.000000 4494.69 959.2 3338.6
1200000.000000 6300000.000000 -87500.000000 4494.90 959.0 3338.6
0.000000 6400000.000000 -87500.000000 4484.32 969.4 3337.3
100000.000000 6400000.000000 -87500.000000 4450.56 1000.6 3333.5
200000.000000 6400000.000000 -87500.000000 4410.98 1033.4 3329.6
300000.000000 6400000.000000 -87500.000000 4388.10 1051.0 3327.6
400000.000000 6400000.000000 -87500.000000 4381.12 1056.1 3327.0
500000.000000 6400000.000000 -87500.000000 4392.09 1048.0 3327.9
600000.000000 6400000.000000 -87500.000000 4406.71 1036.8 3329.2
700000.000000 6400000.000000 -87500.000000 4430.73 1017.5 3331.4
800000.000000 6400000.000000 -87500.000000 4457.19 994.7 3334.2
900000.000000 6400000.000000 -87500.000000 4479.55 974.0 3336.8
1000000.000000 6400000.000000 -87500.000000 4486.94 966.9 3337.6
1100000.000000 6400000.000000 -87500.000000 4490.38 963.5 3338.0
1200000.000000 6400000.000000 -87500.000000 4489.72 964.2 3337.9
0.000000 6500000.000000 -87500.000000 4485.03 968.7 3337.4
100000.000000 6500000.000000 -87500.000000 4455.74 996.0 3334.0
200000.000000 6500000.000000 -87500.000000 4423.10 1023.7 3330.7
300000.000000 6500000.000000 -87500.000000 4401.67 1040.7 3328.7
400000.000000 6500000.000000 -87500.000000 4386.41 1052.2 3327.5
500000.000000 6500000.000000 -87500.000000 4389.88 1049.6 3327.7
600000.000000 6500000.000000 -87500.000000 4398.67 1043.0 3328.5
700000.000000 6500000.000000 -87500.000000 4422.32 1024.4 3330.7
800000.000000 6500000.000000 -87500.000000 4449.22 1001.7 3333.4
900000.000000 6500000.000000 -87500.000000 4472.55 980.6 3336.0
1000000.000000 6500000.000000 -87500.000000 4484.18 969.6 3337.3
1100000.000000 6500000.000000 -87500.000000 4486.30 967.5 3337.5
1200000.000000 6500000.000000 -87500.000000 4493.14 960.8 3338.3
0.000000 6600000.000000 -87500.000000 4475.72 977.6 3336.4
100000.000000 6600000.000000 -87500.000000 4453.94 997.6 3333.9
200000.000000 6600000.000000 -87500.000000 4434.99 1013.9 3331.9
300000.000000 6600000.000000 -87500.000000 4415.81 1029.6 3330.1
400000.000000 6600000.000000 -87500.000000 4392.62 1047.6 3327.9
500000.000000 6600000.000000 -87500.000000 4385.59 1052.7 3327.6
600000.000000 6600000.000000 -87500.000000 4394.17 1046.4 3328.1
700000.000000 6600000.000000 -87500.000000 4419.50 1026.6 3330.5
800000.000000 6600000.000000 -87500.000000 4444.35 1005.9 3332.9
900000.000000 6600000.000000 -87500.000000 4467.87 985.0 3335.4
1000000.000000 6600000.000000 -87500.000000 4485.05 968.7 3337.4
1100000.000000 6600000.000000 -87500.000000 4487.13 966.7 3337.6
1200000.000000 6600000.000000 -87500.000000 4498.95 954.8 3339.2
0.000000 6700000.000000 -87500.000000 4467.67 985.2 3335.4
100000.000000 6700000.000000 -87500.000000 4458.40 993.7 3334.3
200000.000000 6700000.000000 -87500.000000 4453.35 998.1 3333.9
300000.000000 6700000.000000 -87500.000000 4429.88 1018.2 3331.4
400000.000000 6700000.000000 -87500.000000 4401.32 1041.0 3328.7
500000.000000 6700000.000000 -87500.000000 4382.08 1055.4 3327.1
600000.000000 6700000.000000 -87500.000000 4388.93 1050.3 3327.6
700000.000000 6700000.000000 -87500.000000 4412.53 1032.2 3329.8
800000.000000 6700000.000000 -87500.000000 4442.89 1007.2 3332.8
900000.000000 6700000.000000 -87500.000000 4468.59 984.3 3335.5
1000000.000000 6700000.000000 -87500.000000 4486.29 967.5 3337.5
1100000.000000 6700000.000000 -87500.000000 4497.38 956.4 3339.0
1200000.000000 6700000.000000 -87500.000000 4516.31 936.7 3341.2
0.000000 6800000.000000 -87500.000000 4465.68 987.1 3335.1
100000.000000 6800000.000000 -87500.000000 4454.79 996.9 3333.9
200000.000000 6800000.000000 -87500.000000 4463.64 988.9 3334.9
300000.000000 6800000.000000 -87500.000000 4440.95 1008.9 3332.6
400000.000000 6800000.000000 -87500.000000 4405.80 1037.5 3329.2
500000.000000 6800000.000000 -87500.000000 4380.50 1056.6 3326.9
600000.000000 6800000.000000 -87500.000000 4386.07 1052.4 3327.6
700000.000000 6800000.000000 -87500.000000 4407.46 1036.2 3329.3
800000.000000 6800000.000000 -87500.000000 4440.63 1009.1 3332.5
900000.000000 6800000.000000 -87500.000000 4466.39 986.4 3335.2
1000000.000000 6800000.000000 -87500.000000 4490.13 963.8 3338.0
1100000.000000 6800000.000000 -87500.000000 4511.55 941.8 3340.7
1200000.000000 6800000.000000 -87500.000000 4527.13 924.6 3342.8
0.000000 6900000.000000 -87500.000000 4451.78 999.4 3333.8
100000.000000 6900000.000000 -87500.000000 4455.32 996.4 3334.0
200000.000000 6900000.000000 -87500.000000 4441.07 1008.8 3332.6
300000.000000 6900000.000000 -87500.000000 4402.14 1040.3 3328.8
400000.000000 6900000.000000 -87500.000000 4366.07 1067.0 3325.6
500000.000000 6900000.000000 -87500.000000 4345.54 1081.3 3323.8
600000.000000 6900000.000000 -87500.000000 4361.30 1070.4 3325.1
700000.000000 6900000.000000 -87500.000000 4385.92 1052.5 3327.6
800000.000000 6900000.000000 -87500.000000 4424.54 1022.6 3330.9
900000.000000 6900000.000000 -87500.000000 4459.40 992.8 3334.4
1000000.000000 6900000.000000 -87500.000000 4485.93 967.9 3337.5
1100000.000000 6900000.000000 -87500.000000 4521.83 930.6 3342.1
1200000.000000 6900000.000000 -87500.000000 4538.51 911.6 3344.3
0.000000 7000000.000000 -87500.000000 4447.63 1003.1 3333.2
100000.000000 7000000.000000 -87500.000000 4439.02 1010.5 3332.4
200000.000000 7000000.000000 -87500.000000 4399.52 1042.4 3328.5
300000.000000 7000000.000000 -87500.000000 4353.87 1075.6 3324.5
400000.000000 7000000.000000 -87500.000000 4315.05 1101.5 3321.3
500000.000000 7000000.000000 -87500.000000 4309.15 1105.2 3320.9
600000.000000 7000000.000000 -87500.000000 4323.08 1096.3 3321.9
700000.000000 7000000.000000 -87500.000000 4355.96 1074.2 3324.6
800000.000000 7000000.000000 -87500.000000 4393.27 1047.1 3328.0
900000.000000 7000000.000000 -87500.000000 4439.69 1009.9 3332.4
1000000.000000 7000000.000000 -87500.000000 4482.39 971.2 3337.2
1100000.000000 7000000.000000 -87500.000000 4521.85 930.6 3342.1
1200000.000000 7000000.000000 -87500.000000 4552.76 894.3 3346.5
0.000000 7100000.000000 -87500.000000 4456.09 995.7 3334.1
100000.000000 7100000.000000 -87500.000000 4433.85 1014.9 3331.8
200000.000000 7100000.000000 -87500.000000 4376.42 1059.5 3326.6
300000.000000 7100000.000000 -87500.000000 4327.65 1093.3 3322.3
400000.000000 7100000.000000 -87500.000000 4284.89 1120.2 3319.1
500000.000000 7100000.000000 -87500.000000 4284.04 1120.7 3319.1
600000.000000 7100000.000000 -87500.000000 4296.68 1113.0 3320.0
700000.000000 7100000.000000 -87500.000000 4341.54 1084.0 3323.5
800000.000000 7100000.000000 -87500.000000 4379.87 1057.0 3326.9
900000.000000 7100000.000000 -87500.000000 4430.69 1017.5 3331.4
1000000.000000 7100000.000000 -87500.000000 4484.16 969.6 3337.3
1100000.000000 7100000.000000 -87500.000000 4522.71 929.6 3342.2
1200000.000000 7100000.000000 -87500.000000 4564.88 878.9 3348.2
0.000000 7200000.000000 -87500.000000 4450.98 1000.2 3333.6
100000.000000 7200000.000000 -87500.000000 4410.54 1033.8 3329.6
200000.000000 7200000.000000 -87500.000000 4348.60 1079.2 3324.2
300000.000000 7200000.000000 -87500.000000 4291.33 1116.3 3319.6
400000.000000 7200000.000000 -87500.000000 4251.78 1139.6 3316.9
500000.000000 7200000.000000 -87500.000000 4251.51 1139.8 3316.9
600000.000000 7200000.000000 -87500.000000 4273.29 1127.1 3318.3
700000.000000 7200000.000000 -87500.000000 4329.57 1092.0 3322.5
800000.000000 7200000.000000 -87500.000000 4377.91 1058.5 3326.7
900000.000000 7200000.000000 -87500.000000 4433.97 1014.8 3331.8
1000000.000000 7200000.000000 -87500.000000 4491.14 962.8 3338.1
1100000.000000 7200000.000000 -87500.000000 4533.15 917.7 3343.8
1200000.000000 7200000.000000 -87500.000000 4568.89 873.5 3349.0
0.000000 7300000.000000 -87500.000000 4427.15 1020.5 3331.1
100000.000000 7300000.000000 -87500.000000 4373.87 1061.4 3326.4
200000.000000 7300000.000000 -87500.000000 4311.42 1103.8 3321.0
300000.000000 7300000.000000 -87500.000000 4244.82 1143.6 3316.5
400000.000000 7300000.000000 -87500.000000 4217.38 1158.8 3314.5
500000.000000 7300000.000000 -87500.000000 4206.98 1164.4 3313.8
600000.000000 7300000.000000 -87500.000000 4251.35 1139.9 3316.9
700000.000000 7300000.000000 -87500.000000 4311.16 1103.9 3321.0
800000.000000 7300000.000000 -87500.000000 4384.99 1053.2 3327.5
900000.000000 7300000.000000 -87500.000000 4438.34 1011.1 3332.3
1000000.000000 7300000.000000 -87500.000000 4496.10 957.7 3338.8
1100000.000000 7300000.000000 -87500.000000 4542.99 906.3 3344.9
1200000.000000 7300000.000000 -87500.000000 4568.53 874.0 3348.9
0.000000 7400000.000000 -87500.000000 4416.99 1028.7 3330.2
100000.000000 7400000.000000 -87500.000000 4352.55 1076.5 3324.4
200000.000000 7400000.000000 -87500.000000 4291.52 1116.2 3319.6
300000.000000 7400000.000000 -87500.000000 4234.69 1149.3 3315.6
400000.000000 7400000.000000 -87500.000000 4204.78 1165.6 3313.7
500000.000000 7400000.000000 -87500.000000 4200.60 1167.8 3313.4
600000.000000 7400000.000000 -87500.000000 4248.89 1141.3 3316.7
700000.000000 7400000.000000 -87500.000000 4306.29 1106.9 3321.0
800000.000000 7400000.000000 -87500.000000 4389.68 1049.8 3327.7
900000.000000 7400000.000000 -87500.000000 4447.51 1003.2 3333.2
1000000.000000 7400000.000000 -87500.000000 4503.53 950.1 3339.7
1100000.000000 7400000.000000 -87500.000000 4546.86 901.6 3345.6
1200000.000000 7400000.000000 -87500.000000 4568.40 874.1 3348.9
0.000000 7500000.000000 -87500.000000 4405.14 1038.0 3329.1
100000.000000 7500000.000000 -87500.000000 4328.15 1092.9 3322.4
200000.000000 7500000.000000 -87500.000000 4269.87 1129.1 3318.1
300000.000000 7500000.000000 -87500.000000 4235.83 1148.7 3315.7
400000.000000 7500000.000000 -87500.000000 4209.60 1163.0 3314.0
500000.000000 7500000.000000 -87500.000000 4218.45 1158.3 3314.5
600000.000000 7500000.000000 -87500.000000 4255.95 1137.2 3317.2
700000.000000 7500000.000000 -87500.000000 4322.03 1097.0 3321.8
800000.000000 7500000.000000 -87500.000000 4387.25 1051.6 3327.5
900000.000000 7500000.000000 -87500.000000 4455.77 996.0 3334.0
1000000.000000 7500000.000000 -87500.000000 4506.13 947.4 3340.0
1100000.000000 7500000.000000 -87500.000000 4545.64 903.1 3345.4
1200000.000000 7500000.000000 -87500.000000 4571.76 869.6 3349.4
0.000000 7600000.000000 -87500.000000 4390.10 1049.5 3327.7
100000.000000 7600000.000000 -87500.000000 4338.50 1086.0 3323.3
200000.000000 7600000.000000 -87500.000000 4286.14 1119.4 3319.2
300000.000000 7600000.000000 -87500.000000 4249.84 1140.7 3316.8
400000.000000 7600000.000000 -87500.000000 4229.38 1152.3 3315.2
500000.000000 7600000.000000 -87500.000000 4245.90 1143.0 3316.5
600000.000000 7600000.000000 -87500.000000 4270.87 1128.6 3318.2
700000.000000 7600000.000000 -87500.000000 4330.99 1091.0 3322.7
800000.000000 7600000.000000 -87500.000000 4388.73 1050.5 3327.6
900000.000000 7600000.000000 -87500.000000 4458.48 993.6 3334.3
1000000.000000 7600000.000000 -87500.000000 4496.80 957.0 3338.9
1100000.000000 7600000.000000 -87500.000000 4535.63 915.0 3343.9
1200000.000000 7600000.000000 -87500.000000 4570.30 871.6 3349.2
0.000000 7700000.000000 -87500.000000 4397.18 1044.1 3328.3
100000.000000 7700000.000000 -87500.000000 4351.61 1077.2 3324.3
200000.000000 7700000.000000 -87500.000000 4306.31 1106.8 3321.0
300000.000000 7700000.000000 -87500.000000 4275.24 1126.0 3318.5
400000.000000 7700000.000000 -87500.000000 4268.24 1130.1 3318.0
500000.000000 7700000.000000 -87500.000000 4279.60 1123.4 3318.8
600000.000000 7700000.000000 -87500.000000 4301.54 1110.0 3320.3
700000.000000 7700000.000000 -87500.000000 4343.00 1083.0 3323.6
800000.000000 7700000.000000 -87500.000000 4393.30 1047.1 3328.0
900000.000000 7700000.000000 -87500.000000 4440.47 1009.3 3332.5
1000000.000000 7700000.000000 -87500.000000 4476.87 976.5 3336.5
1100000.000000 7700000.000000 -87500.000000 4491.71 962.2 3338.1
1200000.000000 7700000.000000 -87500.000000 4522.95 929.3 3342.2
0.000000 7800000.000000 -87500.000000 4393.17 1047.2 3328.0
100000.000000 7800000.000000 -87500.000000 4366.13 1067.0 3325.6
200000.000000 7800000.000000 -87500.000000 4328.85 1092.5 3322.5
300000.000000 7800000.000000 -87500.000000 4314.42 1101.9 3321.2
400000.000000 7800000.000000 -87500.000000 4320.60 1097.9 3321.7
500000.000000 7800000.000000 -87500.000000 4331.06 1091.0 3322.7
600000.000000 7800000.000000 -87500.000000 4344.07 1082.3 3323.7
700000.000000 7800000.000000 -87500.000000 4360.57 1071.0 3325.0
800000.000000 7800000.000000 -87500.000000 4393.46 1047.0 3328.0
900000.000000 7800000.000000 -87500.000000 4411.04 1033.4 3329.6
1000000.000000 7800000.000000 -87500.000000 4436.04 1013.1 3332.0
1100000.000000 7800000.000000 -87500.000000 4463.96 988.6 3334.9
1200000.000000 7800000.000000 -87500.000000 4478.82 974.7 3336.7
0.000000 6000000.000000 -125000.000000 4422.22 1096.0 3359.5
100000.000000 6000000.000000 -125000.000000 4421.93 1096.3 3359.5
200000.000000 6000000.000000 -125000.000000 4420.36 1097.5 3359.3
300000.000000 6000000.000000 -125000.000000 4417.88 1099.5 3359.1
400000.000000 6000000.000000 -125000.000000 4423.20 1095.2 3359.6
500000.000000 6000000.000000 -125000.000000 4434.41 1086.0 3360.8
600000.000000 6000000.000000 -125000.000000 4448.57 1074.1 3362.0
700000.000000 6000000.000000 -125000.000000 4464.23 1060.4 3363.4
800000.000000 6000000.000000 -125000.000000 4464.78 1059.9 3363.5
900000.000000 6000000.000000 -125000.000000 4457.14 1066.7 3362.8
1000000.000000 6000000.000000 -125000.000000 4448.99 1073.7 3362.0
1100000.000000 6000000.000000 -125000.000000 4443.23 1078.6 3361.5
1200000.000000 6000000.000000 -125000.000000 4439.85 1081.5 3361.3
0.000000 6100000.000000 -125000.000000 4485.10 1041.2 3365.4
100000.000000 6100000.000000 -125000.000000 4457.31 1066.5 3362.8
200000.000000 6100000.000000 -125000.000000 4437.57 1083.4 3361.1
300000.000000 6100000.000000 -125000.000000 4417.05 1100.2 3359.1
400000.000000 6100000.000000 -125000.000000 4418.48 1099.0 3359.2
500000.000000 6100000.000000 -125000.000000 4425.22 1093.6 3359.9
600000.000000 6100000.000000 -125000.000000 4437.49 1083.4 3361.1
700000.000000 6100000.000000 -125000.000000 4456.29 1067.4 3362.7
800000.000000 6100000.000000 -125000.000000 4457.88 1066.0 3362.8
900000.000000 6100000.000000 -125000.000000 4448.67 1074.0 3362.0
1000000.000000 6100000.000000 -125000.000000 4441.43 1080.2 3361.2
1100000.000000 6100000.000000 -125000.000000 4438.30 1082.8 3361.1
1200000.000000 6100000.000000 -125000.000000 4433.33 1086.9 3360.7
0.000000 6200000.000000 -125000.000000 4515.39 1011.0 3368.8
100000.000000 6200000.000000 -125000.000000 4479.67 1046.4 3364.9
200000.000000 6200000.000000 -125000.000000 4447.39 1075.1 3361.9
300000.000000 6200000.000000 -125000.000000 4418.11 1099.3 3359.1
400000.000000 6200000.000000 -125000.000000 4411.81 1104.3 3358.6
500000.000000 6200000.000000 -125000.000000 4411.56 1104.5 3358.6
600000.000000 6200000.000000 -125000.000000 4420.12 1097.7 3359.3
700000.000000 6200000.000000 -125000.000000 4433.17 1087.0 3360.7
800000.000000 6200000.000000 -125000.000000 4444.44 1077.6 3361.7
900000.000000 6200000.000000 -125000.000000 4440.10 1081.3 3361.3
1000000.000000 6200000.000000 -125000.000000 4435.24 1085.3 3360.9
1100000.000000 6200000.000000 -125000.000000 4427.81 1091.4 3360.2
1200000.000000 6200000.000000 -125000.000000 4418.91 1098.7 3359.2
0.000000 6300000.000000 -125000.000000 4516.73 1009.6 3369.0
100000.000000 6300000.000000 -125000.000000 4488.02 1038.4 3365.8
200000.000000 6300000.000000 -125000.000000 4455.13 1068.4 3362.6
300000.000000 6300000.000000 -125000.000000 4419.77 1098.0 3359.3
400000.000000 6300000.000000 -125000.000000 4406.56 1108.4 3358.2
500000.000000 6300000.000000 -125000.000000 4404.46 1110.0 3358.1
600000.000000 6300000.000000 -125000.000000 4407.83 1107.4 3358.2
700000.000000 6300000.000000 -125000.000000 4417.91 1099.5 3359.1
800000.000000 6300000.000000 -125000.000000 4430.38 1089.3 3360.4
900000.000000 6300000.000000 -125000.000000 4433.36 1086.8 3360.7
1000000.000000 6300000.000000 -125000.000000 4429.59 1089.9 3360.4
1100000.000000 6300000.000000 -125000.000000 4420.87 1097.1 3359.4
1200000.000000 6300000.000000 -125000.000000 4411.58 1104.5 3358.6
0.000000 6400000.000000 -125000.000000 4499.53 1027.2 3367.0
100000.000000 6400000.000000 -125000.000000 4496.20 1030.4 3366.7
200000.000000 6400000.000000 -125000.000000 4464.75 1059.9 3363.5
300000.000000 6400000.000000 -125000.000000 4429.84 1089.7 3360.4
400000.000000 6400000.000000 -125000.000000 4404.96 1109.6 3358.1
500000.000000 6400000.000000 -125000.000000 4397.19 1115.5 3357.5
600000.000000 6400000.000000 -125000.000000 4398.12 1114.8 3357.6
700000.000000 6400000.000000 -125000.000000 4408.46 1107.0 3358.1
800000.000000 6400000.000000 -125000.000000 4424.32 1094.3 3359.8
900000.000000 6400000.000000 -125000.000000 4434.97 1085.5 3360.8
1000000.000000 6400000.000000 -125000.000000 4430.13 1089.5 3360.4
1100000.000000 6400000.000000 -125000.000000 4419.69 1098.1 3359.3
1200000.000000 6400000.000000 -125000.000000 4409.89 1105.8 3358.5
0.000000 6500000.000000 -125000.000000 4494.89 1031.7 3366.6
100000.000000 6500000.000000 -125000.000000 4498.57 1028.1 3367.0
200000.000000 6500000.000000 -125000.000000 4474.31 1051.3 3364.3
300000.000000 6500000.000000 -125000.000000 4438.35 1082.7 3361.1
400000.000000 6500000.000000 -125000.000000 4402.74 1111.3 3357.9
500000.000000 6500000.000000 -125000.000000 4389.74 1121.1 3356.9
600000.000000 6500000.000000 -125000.000000 4388.77 1121.8 3356.9
700000.000000 6500000.000000 -125000.000000 4399.87 1113.5 3357.7
800000.000000 6500000.000000 -125000.000000 4418.62 1098.9 3359.2
900000.000000 6500000.000000 -125000.000000 4433.83 1086.5 3360.8
1000000.000000 6500000.000000 -125000.000000 4432.46 1087.6 3360.6
1100000.000000 6500000.000000 -125000.000000 4424.07 1094.5 3359.7
1200000.000000 6500000.000000 -125000.000000 4417.98 1099.4 3359.1
0.000000 6600000.000000 -125000.000000 4491.94 1034.6 3366.3
100000.000000 6600000.000000 -125000.000000 4501.61 1025.2 3367.2
200000.000000 6600000.000000 -125000.000000 4486.45 1039.9 3365.6
300000.000000 6600000.000000 -125000.000000 4450.79 1072.2 3362.2
400000.000000 6600000.000000 -125000.000000 4406.09 1108.7 3358.2
500000.000000 6600000.000000 -125000.000000 4382.53 1126.4 3356.4
600000.000000 6600000.000000 -125000.000000 4381.82 1126.9 3356.4
700000.000000 6600000.000000 -125000.000000 4396.83 1115.8 3357.5
800000.000000 6600000.000000 -125000.000000 4415.53 1101.4 3358.9
900000.000000 6600000.000000 -125000.000000 4432.83 1087.3 3360.7
1000000.000000 6600000.000000 -125000.000000 4439.43 1081.8 3361.2
1100000.000000 6600000.000000 -125000.000000 4431.37 1088.5 3360.5
1200000.000000 6600000.000000 -125000.000000 4430.97 1088.8 3360.5
0.000000 6700000.000000 -125000.000000 4490.71 1035.8 3366.2
100000.000000 6700000.000000 -125000.000000 4504.31 1022.4 3367.5
200000.000000 6700000.000000 -125000.000000 4501.36 1025.5 3367.0
300000.000000 6700000.000000 -125000.000000 4466.72 1058.2 3363.7
400000.000000 6700000.000000 -125000.000000 4415.90 1101.1 3359.0
500000.000000 6700000.000000 -125000.000000 4377.03 1130.4 3356.0
600000.000000 6700000.000000 -125000.000000 4372.54 1133.8 3355.3
700000.000000 6700000.000000 -125000.000000 4391.30 1119.9 3357.1
800000.000000 6700000.000000 -125000.000000 4414.90 1101.9 3358.9
900000.000000 6700000.000000 -125000.000000 4435.72 1084.9 3360.9
1000000.000000 6700000.000000 -125000.000000 4446.10 1076.2 3361.8
1100000.000000 6700000.000000 -125000.000000 4459.27 1064.8 3363.0
1200000.000000 6700000.000000 -125000.000000 4461.67 1062.7 3363.2
0.000000 6800000.000000 -125000.000000 4491.17 1035.3 3366.2
100000.000000 6800000.000000 -125000.000000 4514.77 1011.7 3368.7
200000.000000 6800000.000000 -125000.000000 4520.29 1005.9 3369.4
300000.000000 6800000.000000 -125000.000000 4477.90 1048.0 3364.7
400000.000000 6800000.000000 -125000.000000 4421.24 1096.8 3359.4
500000.000000 6800000.000000 -125000.000000 4371.90 1134.2 3355.4
600000.000000 6800000.000000 -125000.000000 4364.94 1139.1 3355.1
700000.000000 6800000.000000 -125000.000000 4385.21 1124.5 3356.6
800000.000000 6800000.000000 -125000.000000 4415.77 1101.2 3359.0
900000.000000 6800000.000000 -125000.000000 4439.62 1081.7 3361.2
1000000.000000 6800000.000000 -125000.000000 4457.01 1066.8 3362.8
1100000.000000 6800000.000000 -125000.000000 4470.99 1054.3 3364.0
1200000.000000 6800000.000000 -125000.000000 4481.74 1044.4 3365.1
0.000000 6900000.000000 -125000.000000 4524.01 1002.0 3369.8
100000.000000 6900000.000000 -125000.000000 4555.93 965.9 3373.5
200000.000000 6900000.000000 -125000.000000 4539.26 985.2 3371.5
300000.000000 6900000.000000 -125000.000000 4469.29 1055.9 3363.9
400000.000000 6900000.000000 -125000.000000 4397.32 1115.4 3357.5
500000.000000 6900000.000000 -125000.000000 4349.44 1150.0 3353.8
600000.000000 6900000.000000 -125000.000000 4343.08 1154.3 3353.3
700000.000000 6900000.000000 -125000.000000 4362.47 1140.8 3354.9
800000.000000 6900000.000000 -125000.000000 4399.94 1113.4 3357.7
900000.000000 6900000.000000 -125000.000000 4433.64 1086.6 3360.7
1000000.000000 6900000.000000 -125000.000000 4459.32 1064.8 3363.0
1100000.000000 6900000.000000 -125000.000000 4492.82 1033.7 3366.4
1200000.000000 6900000.000000 -125000.000000 4505.99 1020.7 3367.7
0.000000 7000000.000000 -125000.000000 4550.78 972.1 3372.7
100000.000000 7000000.000000 -125000.000000 4592.65 918.5 3378.7
200000.000000 7000000.000000 -125000.000000 4544.60 979.1 3372.2
300000.000000 7000000.000000 -125000.000000 4459.47 1064.6 3363.0
400000.000000 7000000.000000 -125000.000000 4367.16 1137.5 3355.3
500000.000000 7000000.000000 -125000.000000 4326.86 1165.1 3352.2
600000.000000 7000000.000000 -125000.000000 4312.55 1174.4 3351.2
700000.000000 7000000.000000 -125000.000000 4332.06 1161.7 3352.5
800000.000000 7000000.000000 -125000.000000 4369.29 1136.0 3355.4
900000.000000 7000000.000000 -125000.000000 4415.46 1101.4 3358.9
1000000.000000 7000000.000000 -125000.000000 4460.08 1064.1 3363.0
1100000.000000 7000000.000000 -125000.000000 4500.01 1026.7 3367.1
1200000.000000 7000000.000000 -125000.000000 4529.58 996.0 3370.4
0.000000 7100000.000000 -125000.000000 4581.62 933.4 3377.1
100000.000000 7100000.000000 -125000.000000 4603.65 902.8 3380.5
200000.000000 7100000.000000 -125000.000000 4537.46 987.3 3371.3
300000.000000 7100000.000000 -125000.000000 4452.15 1071.0 3362.3
400000.000000 7100000.000000 -125000.000000 4354.49 1146.4 3354.3
500000.000000 7100000.000000 -125000.000000 4313.29 1173.9 3351.3
600000.000000 7100000.000000 -125000.000000 4294.62 1185.7 3350.1
700000.000000 7100000.000000 -125000.000000 4313.59 1173.7 3351.3
800000.000000 7100000.000000 -125000.000000 4350.62 1149.1 3353.9
900000.000000 7100000.000000 -125000.000000 4403.35 1110.8 3358.0
1000000.000000 7100000.000000 -125000.000000 4460.43 1063.8 3363.1
1100000.000000 7100000.000000 -125000.000000 4505.70 1021.0 3367.7
1200000.000000 7100000.000000 -125000.000000 4553.50 968.8 3373.3
0.000000 7200000.000000 -125000.000000 4602.30 904.8 3380.2
100000.000000 7200000.000000 -125000.000000 4604.55 901.4 3380.6
200000.000000 7200000.000000 -125000.000000 4537.96 986.7 3371.4
300000.000000 7200000.000000 -125000.000000 4444.39 1077.6 3361.6
400000.000000 7200000.000000 -125000.000000 4346.60 1151.9 3353.5
500000.000000 7200000.000000 -125000.000000 4289.77 1188.7 3349.7
600000.000000 7200000.000000 -125000.000000 4275.28 1197.5 3348.8
700000.000000 7200000.000000 -125000.000000 4301.59 1181.3 3350.5
800000.000000 7200000.000000 -125000.000000 4341.40 1155.4 3353.2
900000.000000 7200000.000000 -125000.000000 4396.97 1115.7 3357.5
1000000.000000 7200000.000000 -125000.000000 4457.52 1066.3 3362.8
1100000.000000 7200000.000000 -125000.000000 4503.52 1023.2 3367.5
1200000.000000 7200000.000000 -125000.000000 4549.93 973.0 3372.8
0.000000 7300000.000000 -125000.000000 4623.15 873.0 3383.7
100000.000000 7300000.000000 -125000.000000 4595.15 915.0 3379.1
200000.000000 7300000.000000 -125000.000000 4540.70 983.6 3371.7
300000.000000 7300000.000000 -125000.000000 4431.83 1088.1 3360.6
400000.000000 7300000.000000 -125000.000000 4344.68 1153.2 3353.4
500000.000000 7300000.000000 -125000.000000 4265.79 1203.2 3348.1
600000.000000 7300000.000000 -125000.000000 4257.42 1208.1 3347.6
700000.000000 7300000.000000 -125000.000000 4281.57 1193.7 3349.2
800000.000000 7300000.000000 -125000.000000 4332.23 1161.6 3352.5
900000.000000 7300000.000000 -125000.000000 4384.17 1125.2 3356.5
1000000.000000 7300000.000000 -125000.000000 4446.66 1075.7 3361.8
1100000.000000 7300000.000000 -125000.000000 4502.77 1024.0 3367.4
1200000.000000 7300000.000000 -125000.000000 4542.61 981.4 3372.0
0.000000 7400000.000000 -125000.000000 4603.81 902.5 3380.5
100000.000000 7400000.000000 -125000.000000 4584.60 929.4 3377.6
200000.000000 7400000.000000 -125000.000000 4531.63 993.7 3370.6
300000.000000 7400000.000000 -125000.000000 4438.59 1082.5 3361.2
400000.000000 7400000.000000 -125000.000000 4351.43 1148.6 3354.0
500000.000000 7400000.000000 -125000.000000 4276.92 1196.5 3349.0
600000.000000 7400000.000000 -125000.000000 4263.86 1204.3 3348.0
700000.000000 7400000.000000 -125000.000000 4281.98 1193.4 3349.3
800000.000000 7400000.000000 -125000.000000 4327.84 1164.5 3352.3
900000.000000 7400000.000000 -125000.000000 4379.09 1128.9 3356.1
1000000.000000 7400000.000000 -125000.000000 4435.75 1084.9 3360.9
1100000.000000 7400000.000000 -125000.000000 4494.10 1032.5 3366.5
1200000.000000 7400000.000000 -125000.000000 4531.22 994.2 3370.6
0.000000 7500000.000000 -125000.000000 4565.84 953.6 3375.0
100000.000000 7500000.000000 -125000.000000 4566.58 952.7 3375.1
200000.000000 7500000.000000 -125000.000000 4514.16 1012.4 3368.6
300000.000000 7500000.000000 -125000.000000 4451.66 1071.4 3362.3
400000.000000 7500000.000000 -125000.000000 4365.63 1138.6 3355.2
500000.000000 7500000.000000 -125000.000000 4313.91 1173.5 3351.3
600000.000000 7500000.000000 -125000.000000 4290.60 1188.2 3349.6
700000.000000 7500000.000000 -125000.000000 4303.13 1180.4 3350.6
800000.000000 7500000.000000 -125000.000000 4332.63 1161.4 3352.4
900000.000000 7500000.000000 -125000.000000 4378.82 1129.1 3356.1
1000000.000000 7500000.000000 -125000.000000 4425.40 1093.4 3359.9
1100000.000000 7500000.000000 -125000.000000 4473.02 1052.6 3364.0
1200000.000000 7500000.000000 -125000.000000 4514.96 1011.5 3368.8
0.000000 7600000.000000 -125000.000000 4546.78 976.6 3372.5
100000.000000 7600000.000000 -125000.000000 4554.85 967.2 3373.4
200000.000000 7600000.000000 -125000.000000 4511.11 1015.5 3368.3
300000.000000 7600000.000000 -125000.000000 4457.34 1066.5 3362.8
400000.000000 7600000.000000 -125000.000000 4392.53 1119.0 3357.1
500000.000000 7600000.000000 -125000.000000 4353.68 1147.0 3354.2
600000.000000 7600000.000000 -125000.000000 4321.04 1168.9 3351.8
700000.000000 7600000.000000 -125000.000000 4320.59 1169.2 3351.8
800000.000000 7600000.000000 -125000.000000 4342.06 1155.0 3353.2
900000.000000 7600000.000000 -125000.000000 4376.59 1130.8 3356.0
1000000.000000 7600000.000000 -125000.000000 4408.00 1107.3 3358.2
1100000.000000 7600000.000000 -125000.000000 4444.63 1077.4 3361.7
1200000.000000 7600000.000000 -125000.000000 4491.93 1034.6 3366.3
0.000000 7700000.000000 -125000.000000 4541.09 983.1 3371.8
100000.000000 7700000.000000 -125000.000000 4555.81 966.0 3373.5
200000.000000 7700000.000000 -125000.000000 4517.96 1008.3 3369.1
300000.000000 7700000.000000 -125000.000000 4470.63 1054.7 3364.0
400000.000000 7700000.000000 -125000.000000 4425.93 1093.0 3360.0
500000.000000 7700000.000000 -125000.000000 4386.90 1123.2 3356.7
600000.000000 7700000.000000 -125000.000000 4354.43 1146.5 3354.3
700000.000000 7700000.000000 -125000.000000 4341.40 1155.4 3353.2
800000.000000 7700000.000000 -125000.000000 4353.99 1146.8 3354.2
900000.000000 7700000.000000 -125000.000000 4368.94 1136.2 3355.4
1000000.000000 7700000.000000 -125000.000000 4397.92 1115.0 3357.6
1100000.000000 7700000.000000 -125000.000000 4411.16 1104.8 3358.6
1200000.000000 7700000.000000 -125000.000000 4446.79 1075.6 3361.9
0.000000 7800000.000000 -125000.000000 4559.15 962.0 3374.0
100000.000000 7800000.000000 -125000.000000 4553.77 968.5 3373.3
200000.000000 7800000.000000 -125000.000000 4533.27 991.9 3370.8
300000.000000 7800000.000000 -125000.000000 4498.82 1027.9 3367.0
400000.000000 7800000.000000 -125000.000000 4479.11 1046.9 3364.8
500000.000000 7800000.000000 -125000.000000 4443.71 1078.2 3361.6
600000.000000 7800000.000000 -125000.000000 4407.63 1107.6 3358.2
700000.000000 7800000.000000 -125000.000000 4380.65 1127.8 3356.3
800000.000000 7800000.000000 -125000.000000 4367.59 1137.2 3355.3
900000.000000 7800000.000000 -125000.000000 4358.43 1143.7 3354.6
1000000.000000 7800000.000000 -125000.000000 4364.22 1139.6 3355.1
1100000.000000 7800000.000000 -125000.000000 4379.29 1128.8 3356.2
1200000.000000 7800000.000000 -125000.000000 4396.61 1116.0 3357.5
0.000000 6000000.000000 -162500.000000 4468.25 1128.9 3389.6
100000.000000 6000000.000000 -162500.000000 4461.09 1135.2 3389.0
200000.000000 6000000.000000 -162500.000000 4450.50 1144.3 3388.1
300000.000000 6000000.000000 -162500.000000 4435.05 1157.2 3386.8
400000.000000 6000000.000000 -162500.000000 4427.57 1163.3 3386.2
500000.000000 6000000.000000 -162500.000000 4424.88 1165.5 3386.0
600000.000000 6000000.000000 -162500.000000 4431.38 1160.3 3386.4
700000.000000 6000000.000000 -162500.000000 4437.18 1155.5 3386.9
800000.000000 6000000.000000 -162500.000000 4429.97 1161.4 3386.3
900000.000000 6000000.000000 -162500.000000 4419.79 1169.5 3385.6
1000000.000000 6000000.000000 -162500.000000 4407.15 1179.3 3384.7
1100000.000000 6000000.000000 -162500.000000 4396.98 1187.1 3384.0
1200000.000000 6000000.000000 -162500.000000 4390.70 1191.7 3383.6
0.000000 6100000.000000 -162500.000000 4522.35 1077.3 3394.5
100000.000000 6100000.000000 -162500.000000 4489.06 1110.0 3391.4
200000.000000 6100000.000000 -162500.000000 4466.83 1130.2 3389.4
300000.000000 6100000.000000 -162500.000000 4433.56 1158.5 3386.6
400000.000000 6100000.000000 -162500.000000 4422.23 1167.6 3385.8
500000.000000 6100000.000000 -162500.000000 4415.46 1172.9 3385.3
600000.000000 6100000.000000 -162500.000000 4417.86 1171.0 3385.5
700000.000000 6100000.000000 -162500.000000 4422.95 1167.0 3385.9
800000.000000 6100000.000000 -162500.000000 4421.30 1168.3 3385.7
900000.000000 6100000.000000 -162500.000000 4410.11 1177.1 3384.9
1000000.000000 6100000.000000 -162500.000000 4397.66 1186.5 3384.1
1100000.000000 6100000.000000 -162500.000000 4391.68 1191.0 3383.7
1200000.000000 6100000.000000 -162500.000000 4381.96 1198.2 3383.0
0.000000 6200000.000000 -162500.000000 4550.22 1047.4 3397.4
100000.000000 6200000.000000 -162500.000000 4510.12 1089.7 3393.4
200000.000000 6200000.000000 -162500.000000 4471.12 1126.4 3389.8
300000.000000 6200000.000000 -162500.000000 4436.69 1155.9 3386.9
400000.000000 6200000.000000 -162500.000000 4415.33 1173.0 3385.3
500000.000000 6200000.000000 -162500.000000 4404.35 1181.5 3384.5
600000.000000 6200000.000000 -162500.000000 4401.37 1183.7 3384.3
700000.000000 6200000.000000 -162500.000000 4406.76 1179.6 3384.7
800000.000000 6200000.000000 -162500.000000 4410.79 1176.5 3385.0
900000.000000 6200000.000000 -162500.000000 4400.22 1184.6 3384.2
1000000.000000 6200000.000000 -162500.000000 4391.34 1191.3 3383.6
1100000.000000 6200000.000000 -162500.000000 4380.67 1199.1 3382.9
1200000.000000 6200000.000000 -162500.000000 4368.13 1208.2 3381.9
0.000000 6300000.000000 -162500.000000 4542.84 1055.5 3396.6
100000.000000 6300000.000000 -162500.000000 4514.15 1085.6 3393.7
200000.000000 6300000.000000 -162500.000000 4481.43 1117.0 3390.8
300000.000000 6300000.000000 -162500.000000 4434.88 1157.4 3386.7
400000.000000 6300000.000000 -162500.000000 4407.66 1178.9 3384.8
500000.000000 6300000.000000 -162500.000000 4395.22 1188.4 3383.8
600000.000000 6300000.000000 -162500.000000 4386.97 1194.5 3383.3
700000.000000 6300000.000000 -162500.000000 4391.58 1191.1 3383.6
800000.000000 6300000.000000 -162500.000000 4398.31 1186.1 3384.1
900000.000000 6300000.000000 -162500.000000 4394.31 1189.1 3383.8
1000000.000000 6300000.000000 -162500.000000 4386.46 1194.9 3383.3
1100000.000000 6300000.000000 -162500.000000 4372.80 1204.9 3382.2
1200000.000000 6300000.000000 -162500.000000 4360.56 1213.5 3381.4
0.000000 6400000.000000 -162500.000000 4516.90 1082.9 3394.0
100000.000000 6400000.000000 -162500.000000 4520.85 1078.9 3394.4
200000.000000 6400000.000000 -162500.000000 4489.44 1109.6 3391.5
300000.000000 6400000.000000 -162500.000000 4441.78 1151.7 3387.3
400000.000000 6400000.000000 -162500.000000 4402.59 1182.8 3384.4
500000.000000 6400000.000000 -162500.000000 4383.47 1197.1 3383.1
600000.000000 6400000.000000 -162500.000000 4376.81 1202.0 3382.5
700000.000000 6400000.000000 -162500.000000 4380.86 1199.0 3382.9
800000.000000 6400000.000000 -162500.000000 4392.06 1190.7 3383.7
900000.000000 6400000.000000 -162500.000000 4396.46 1187.5 3383.8
1000000.000000 6400000.000000 -162500.000000 4387.55 1194.1 3383.4
1100000.000000 6400000.000000 -162500.000000 4372.86 1204.8 3382.2
1200000.000000 6400000.000000 -162500.000000 4361.84 1212.6 3381.5
0.000000 6500000.000000 -162500.000000 4509.77 1090.0 3393.3
100000.000000 6500000.000000 -162500.000000 4523.46 1076.2 3394.6
200000.000000 6500000.000000 -162500.000000 4497.87 1101.6 3392.2
300000.000000 6500000.000000 -162500.000000 4448.01 1146.4 3387.9
400000.000000 6500000.000000 -162500.000000 4398.28 1186.1 3384.1
500000.000000 6500000.000000 -162500.000000 4375.01 1203.3 3382.4
600000.000000 6500000.000000 -162500.000000 4368.25 1208.1 3381.9
700000.000000 6500000.000000 -162500.000000 4371.96 1205.5 3382.2
800000.000000 6500000.000000 -162500.000000 4386.75 1194.7 3383.3
900000.000000 6500000.000000 -162500.000000 4397.55 1186.6 3384.1
1000000.000000 6500000.000000 -162500.000000 4391.59 1191.1 3383.6
1100000.000000 6500000.000000 -162500.000000 4380.17 1199.5 3382.8
1200000.000000 6500000.000000 -162500.000000 4370.25 1206.7 3382.0
0.000000 6600000.000000 -162500.000000 4505.44 1094.3 3392.9
100000.000000 6600000.000000 -162500.000000 4526.81 1072.7 3394.9
200000.000000 6600000.000000 -162500.000000 4507.45 1092.3 3393.1
300000.000000 6600000.000000 -162500.000000 4463.40 1133.2 3389.1
400000.000000 6600000.000000 -162500.000000 4402.71 1182.7 3384.4
500000.000000 6600000.000000 -162500.000000 4366.57 1209.3 3381.8
600000.000000 6600000.000000 -162500.000000 4359.80 1214.1 3381.3
700000.000000 6600000.000000 -162500.000000 4368.71 1207.8 3381.9
800000.000000 6600000.000000 -162500.000000 4384.34 1196.4 3383.1
900000.000000 6600000.000000 -162500.000000 4398.22 1186.1 3384.1
1000000.000000 6600000.000000 -162500.000000 4400.47 1184.4 3384.3
1100000.000000 6600000.000000 -162500.000000 4390.18 1192.1 3383.6
1200000.000000 6600000.000000 -162500.000000 4385.22 1195.8 3383.2
0.000000 6700000.000000 -162500.000000 4505.63 1094.1 3392.9
100000.000000 6700000.000000 -162500.000000 4527.88 1071.6 3395.0
200000.000000 6700000.000000 -162500.000000 4524.46 1075.1 3394.7
300000.000000 6700000.000000 -162500.000000 4478.44 1119.8 3390.5
400000.000000 6700000.000000 -162500.000000 4413.06 1174.8 3385.1
500000.000000 6700000.000000 -162500.000000 4361.42 1212.9 3381.5
600000.000000 6700000.000000 -162500.000000 4349.83 1221.0 3380.7
700000.000000 6700000.000000 -162500.000000 4365.36 1210.2 3381.7
800000.000000 6700000.000000 -162500.000000 4384.77 1196.1 3383.2
900000.000000 6700000.000000 -162500.000000 4403.38 1182.2 3384.5
1000000.000000 6700000.000000 -162500.000000 4411.38 1176.1 3385.0
1100000.000000 6700000.000000 -162500.000000 4412.82 1174.9 3385.1
1200000.000000 6700000.000000 -162500.000000 4420.41 1169.0 3385.7
0.000000 6800000.000000 -162500.000000 4505.37 1094.4 3392.9
100000.000000 6800000.000000 -162500.000000 4539.65 1059.0 3396.3
200000.000000 6800000.000000 -162500.000000 4544.95 1053.3 3396.8
300000.000000 6800000.000000 -162500.000000 4491.40 1107.8 3391.6
400000.000000 6800000.000000 -162500.000000 4421.41 1168.2 3385.8
500000.000000 6800000.000000 -162500.000000 4356.50 1216.4 3381.1
600000.000000 6800000.000000 -162500.000000 4340.93 1227.0 3380.2
700000.000000 6800000.000000 -162500.000000 4359.55 1214.3 3381.3
800000.000000 6800000.000000 -162500.000000 4387.20 1194.3 3383.3
900000.000000 6800000.000000 -162500.000000 4409.40 1177.6 3384.9
1000000.000000 6800000.000000 -162500.000000 4424.61 1165.7 3386.0
1100000.000000 6800000.000000 -162500.000000 4435.31 1157.0 3386.8
1200000.000000 6800000.000000 -162500.000000 4445.39 1148.7 3387.6
0.000000 6900000.000000 -162500.000000 4561.63 1034.2 3398.7
100000.000000 6900000.000000 -162500.000000 4605.94 978.0 3404.2
200000.000000 6900000.000000 -162500.000000 4589.79 999.6 3402.1
300000.000000 6900000.000000 -162500.000000 4505.75 1094.0 3392.9
400000.000000 6900000.000000 -162500.000000 4414.06 1174.0 3385.2
500000.000000 6900000.000000 -162500.000000 4350.36 1220.6 3380.8
600000.000000 6900000.000000 -162500.000000 4329.15 1234.9 3379.4
700000.000000 6900000.000000 -162500.000000 4343.54 1225.3 3380.3
800000.000000 6900000.000000 -162500.000000 4377.15 1201.7 3382.6
900000.000000 6900000.000000 -162500.000000 4407.01 1179.4 3384.7
1000000.000000 6900000.000000 -162500.000000 4430.22 1161.2 3386.3
1100000.000000 6900000.000000 -162500.000000 4459.19 1136.9 3388.8
1200000.000000 6900000.000000 -162500.000000 4470.09 1127.3 3389.7
0.000000 7000000.000000 -162500.000000 4608.33 974.7 3404.5
100000.000000 7000000.000000 -162500.000000 4672.83 870.9 3414.7
200000.000000 7000000.000000 -162500.000000 4623.36 953.1 3406.7
300000.000000 7000000.000000 -162500.000000 4523.47 1076.2 3394.6
400000.000000 7000000.000000 -162500.000000 4408.29 1178.5 3384.8
500000.000000 7000000.000000 -162500.000000 4347.87 1222.3 3380.6
600000.000000 7000000.000000 -162500.000000 4316.38 1243.2 3378.7
700000.000000 7000000.000000 -162500.000000 4324.17 1238.2 3379.1
800000.000000 7000000.000000 -162500.000000 4356.87 1216.1 3381.2
900000.000000 7000000.000000 -162500.000000 4396.94 1187.1 3384.0
1000000.000000 7000000.000000 -162500.000000 4436.29 1156.2 3386.9
1100000.000000 7000000.000000 -162500.000000 4469.99 1127.4 3389.7
1200000.000000 7000000.000000 -162500.000000 4494.27 1105.1 3391.9
0.000000 7100000.000000 -162500.000000 4658.68 896.5 3412.2
100000.000000 7100000.000000 -162500.000000 4704.65 807.2 3420.8
200000.000000 7100000.000000 -162500.000000 4636.50 933.1 3408.5
300000.000000 7100000.000000 -162500.000000 4534.56 1064.5 3395.8
400000.000000 7100000.000000 -162500.000000 4408.63 1178.2 3384.8
500000.000000 7100000.000000 -162500.000000 4343.24 1225.5 3380.3
600000.000000 7100000.000000 -162500.000000 4306.61 1249.5 3378.1
700000.000000 7100000.000000 -162500.000000 4310.67 1246.9 3378.3
800000.000000 7100000.000000 -162500.000000 4342.78 1225.8 3380.3
900000.000000 7100000.000000 -162500.000000 4389.32 1192.8 3383.5
1000000.000000 7100000.000000 -162500.000000 4438.77 1154.2 3387.0
1100000.000000 7100000.000000 -162500.000000 4479.51 1118.8 3390.6
1200000.000000 7100000.000000 -162500.000000 4520.65 1079.1 3394.3
0.000000 7200000.000000 -162500.000000 4700.64 815.7 3420.1
100000.000000 7200000.000000 -162500.000000 4721.15 769.8 3424.6
200000.000000 7200000.000000 -162500.000000 4653.04 906.2 3411.1
300000.000000 7200000.000000 -162500.000000 4541.89 1056.6 3396.5
400000.000000 7200000.000000 -162500.000000 4416.42 1172.1 3385.4
500000.000000 7200000.000000 -162500.000000 4330.42 1234.1 3379.5
600000.000000 7200000.000000 -162500.000000 4293.82 1257.6 3377.2
700000.000000 7200000.000000 -162500.000000 4300.10 1253.6 3377.7
800000.000000 7200000.000000 -162500.000000 4330.87 1233.8 3379.5
900000.000000 7200000.000000 -162500.000000 4378.42 1200.8 3382.7
1000000.000000 7200000.000000 -162500.000000 4431.40 1160.3 3386.4
1100000.000000 7200000.000000 -162500.000000 4472.60 1125.1 3389.9
1200000.000000 7200000.000000 -162500.000000 4515.45 1084.3 3393.9
0.000000 7300000.000000 -162500.000000 4735.76 734.2 3428.2
100000.000000 7300000.000000 -162500.000000 4720.94 770.3 3424.5
200000.000000 7300000.000000 -162500.000000 4673.22 870.2 3414.8
300000.000000 7300000.000000 -162500.000000 4546.47 1051.5 3397.0
400000.000000 7300000.000000 -162500.000000 4431.22 1160.4 3386.3
500000.000000 7300000.000000 -162500.000000 4319.01 1241.6 3378.7
600000.000000 7300000.000000 -162500.000000 4282.21 1264.8 3376.5
700000.000000 7300000.000000 -162500.000000 4285.59 1262.7 3376.7
800000.000000 7300000.000000 -162500.000000 4317.62 1242.5 3378.7
900000.000000 7300000.000000 -162500.000000 4360.94 1213.3 3381.4
1000000.000000 7300000.000000 -162500.000000 4415.77 1172.7 3385.3
1100000.000000 7300000.000000 -162500.000000 4465.35 1131.5 3389.3
1200000.000000 7300000.000000 -162500.000000 4503.65 1096.0 3392.7
0.000000 7400000.000000 -162500.000000 4713.19 788.1 3422.8
100000.000000 7400000.000000 -162500.000000 4711.83 791.1 3422.5
200000.000000 7400000.000000 -162500.000000 4663.49 888.1 3412.9
300000.000000 7400000.000000 -162500.000000 4554.33 1042.7 3397.8
400000.000000 7400000.000000 -162500.000000 4441.10 1152.3 3387.2
500000.000000 7400000.000000 -162500.000000 4333.22 1232.2 3379.7
600000.000000 7400000.000000 -162500.000000 4289.87 1260.1 3377.0
700000.000000 7400000.000000 -162500.000000 4286.68 1262.0 3376.8
800000.000000 7400000.000000 -162500.000000 4308.39 1248.4 3378.2
900000.000000 7400000.000000 -162500.000000 4348.76 1221.7 3380.7
1000000.000000 7400000.000000 -162500.000000 4396.70 1187.3 3383.9
1100000.000000 7400000.000000 -162500.000000 4451.00 1143.9 3388.2
1200000.000000 7400000.000000 -162500.000000 4485.54 1113.2 3391.1
0.000000 7500000.000000 -162500.000000 4667.65 880.6 3413.6
100000.000000 7500000.000000 -162500.000000 4688.09 841.6 3417.6
200000.000000 7500000.000000 -162500.000000 4636.33 933.4 3408.5
300000.000000 7500000.000000 -162500.000000 4561.96 1033.8 3398.8
400000.000000 7500000.000000 -162500.000000 4449.35 1145.3 3388.0
500000.000000 7500000.000000 -162500.000000 4369.44 1207.3 3382.0
600000.000000 7500000.000000 -162500.000000 4317.70 1242.4 3378.7
700000.000000 7500000.000000 -162500.000000 4302.38 1252.2 3377.8
800000.000000 7500000.000000 -162500.000000 4311.83 1246.2 3378.4
900000.000000 7500000.000000 -162500.000000 4342.24 1226.1 3380.2
1000000.000000 7500000.000000 -162500.000000 4377.00 1201.8 3382.6
1100000.000000 7500000.000000 -162500.000000 4419.64 1169.6 3385.6
1200000.000000 7500000.000000 -162500.000000 4460.21 1136.0 3388.9
0.000000 7600000.000000 -162500.000000 4647.71 915.1 3410.3
100000.000000 7600000.000000 -162500.000000 4672.47 871.6 3414.7
200000.000000 7600000.000000 -162500.000000 4623.96 952.2 3406.7
300000.000000 7600000.000000 -162500.000000 4559.67 1036.5 3398.5
400000.000000 7600000.000000 -162500.000000 4469.74 1127.6 3389.7
500000.000000 7600000.000000 -162500.000000 4403.84 1181.9 3384.5
600000.000000 7600000.000000 -162500.000000 4344.07 1224.9 3380.4
700000.000000 7600000.000000 -162500.000000 4315.22 1244.0 3378.6
800000.000000 7600000.000000 -162500.000000 4317.55 1242.5 3378.7
900000.000000 7600000.000000 -162500.000000 4332.79 1232.5 3379.7
1000000.000000 7600000.000000 -162500.000000 4354.31 1217.9 3381.0
1100000.000000 7600000.000000 -162500.000000 4383.34 1197.2 3383.1
1200000.000000 7600000.000000 -162500.000000 4428.12 1162.9 3386.2
0.000000 7700000.000000 -162500.000000 4650.79 910.0 3410.7
100000.000000 7700000.000000 -162500.000000 4661.12 892.2 3412.5
200000.000000 7700000.000000 -162500.000000 4615.79 964.2 3405.5
300000.000000 7700000.000000 -162500.000000 4556.29 1040.5 3398.1
400000.000000 7700000.000000 -162500.000000 4493.59 1105.7 3391.8
500000.000000 7700000.000000 -162500.000000 4432.38 1159.4 3386.6
600000.000000 7700000.000000 -162500.000000 4374.35 1203.8 3382.3
700000.000000 7700000.000000 -162500.000000 4336.35 1230.1 3379.9
800000.000000 7700000.000000 -162500.000000 4329.26 1234.8 3379.4
900000.000000 7700000.000000 -162500.000000 4325.75 1237.1 3379.2
1000000.000000 7700000.000000 -162500.000000 4338.28 1228.8 3380.0
1100000.000000 7700000.000000 -162500.000000 4347.62 1222.5 3380.6
1200000.000000 7700000.000000 -162500.000000 4377.76 1201.3 3382.6
0.000000 7800000.000000 -162500.000000 4653.35 905.7 3411.2
100000.000000 7800000.000000 -162500.000000 4639.86 927.8 3409.1
200000.000000 7800000.000000 -162500.000000 4605.64 978.4 3404.2
300000.000000 7800000.000000 -162500.000000 4554.15 1042.9 3397.8
400000.000000 7800000.000000 -162500.000000 4523.20 1076.5 3394.6
500000.000000 7800000.000000 -162500.000000 4470.12 1127.3 3389.7
600000.000000 7800000.000000 -162500.000000 4414.16 1173.9 3385.2
700000.000000 7800000.000000 -162500.000000 4371.34 1205.9 3382.1
800000.000000 7800000.000000 -162500.000000 4340.80 1227.1 3380.2
900000.000000 7800000.000000 -162500.000000 4322.01 1239.6 3379.0
1000000.000000 7800000.000000 -162500.000000 4317.84 1242.3 3378.7
1100000.000000 7800000.000000 -162500.000000 4329.08 1234.9 3379.4
1200000.000000 7800000.000000 -162500.000000 4340.69 1227.2 3380.1
0.000000 6000000.000000 -200000.000000 4522.13 1150.6 3418.0
100000.000000 6000000.000000 -200000.000000 4510.99 1161.6 3417.0
200000.000000 6000000.000000 -200000.000000 4499.45 1172.6 3416.1
300000.000000 6000000.000000 -200000.000000 4476.46 1193.7 3414.2
400000.000000 6000000.000000 -200000.000000 4463.18 1205.3 3413.2
500000.000000 6000000.000000 -200000.000000 4451.36 1215.3 3412.3
600000.000000 6000000.000000 -200000.000000 4453.84 1213.2 3412.5
700000.000000 6000000.000000 -200000.000000 4455.11 1212.2 3412.6
800000.000000 6000000.000000 -200000.000000 4443.56 1221.8 3411.8
900000.000000 6000000.000000 -200000.000000 4426.68 1235.4 3410.7
1000000.000000 6000000.000000 -200000.000000 4411.15 1247.6 3409.6
1100000.000000 6000000.000000 -200000.000000 4404.71 1252.5 3409.2
1200000.000000 6000000.000000 -200000.000000 4401.82 1254.7 3409.0
0.000000 6100000.000000 -200000.000000 4570.70 1098.5 3422.5
100000.000000 6100000.000000 -200000.000000 4536.55 1136.0 3419.2
200000.000000 6100000.000000 -200000.000000 4497.77 1174.2 3415.9
300000.000000 6100000.000000 -200000.000000 4462.96 1205.5 3413.2
400000.000000 6100000.000000 -200000.000000 4456.72 1210.8 3412.7
500000.000000 6100000.000000 -200000.000000 4443.23 1222.1 3411.8
600000.000000 6100000.000000 -200000.000000 4441.92 1223.1 3411.7
700000.000000 6100000.000000 -200000.000000 4430.98 1232.0 3410.9
800000.000000 6100000.000000 -200000.000000 4425.40 1236.4 3410.6
900000.000000 6100000.000000 -200000.000000 4423.94 1237.6 3410.5
1000000.000000 6100000.000000 -200000.000000 4407.70 1250.2 3409.4
1100000.000000 6100000.000000 -200000.000000 4396.96 1258.3 3408.7
1200000.000000 6100000.000000 -200000.000000 4390.44 1263.2 3408.3
0.000000 6200000.000000 -200000.000000 4592.29 1072.7 3424.7
100000.000000 6200000.000000 -200000.000000 4549.90 1121.8 3420.4
200000.000000 6200000.000000 -200000.000000 4511.29 1161.4 3417.0
300000.000000 6200000.000000 -200000.000000 4470.95 1198.5 3413.8
400000.000000 6200000.000000 -200000.000000 4441.34 1223.6 3411.7
500000.000000 6200000.000000 -200000.000000 4424.02 1237.5 3410.5
600000.000000 6200000.000000 -200000.000000 4417.00 1243.0 3410.0
700000.000000 6200000.000000 -200000.000000 4423.07 1238.3 3410.4
800000.000000 6200000.000000 -200000.000000 4425.04 1236.7 3410.5
900000.000000 6200000.000000 -200000.000000 4415.76 1244.0 3409.9
1000000.000000 6200000.000000 -200000.000000 4405.10 1252.2 3409.2
1100000.000000 6200000.000000 -200000.000000 4393.34 1261.0 3408.5
1200000.000000 6200000.000000 -200000.000000 4379.39 1271.3 3407.6
0.000000 6300000.000000 -200000.000000 4580.96 1086.5 3423.5
100000.000000 6300000.000000 -200000.000000 4550.67 1121.0 3420.5
200000.000000 6300000.000000 -200000.000000 4514.03 1158.6 3417.3
300000.000000 6300000.000000 -200000.000000 4462.13 1206.2 3413.1
400000.000000 6300000.000000 -200000.000000 4427.75 1234.6 3410.7
500000.000000 6300000.000000 -200000.000000 4410.60 1248.0 3409.6
600000.000000 6300000.000000 -200000.000000 4397.33 1258.1 3408.7
700000.000000 6300000.000000 -200000.000000 4403.00 1253.8 3409.1
800000.000000 6300000.000000 -200000.000000 4410.49 1248.1 3409.6
900000.000000 6300000.000000 -200000.000000 4405.11 1252.2 3409.2
1000000.000000 6300000.000000 -200000.000000 4396.54 1258.7 3408.7
1100000.000000 6300000.000000 -200000.000000 4385.54 1266.8 3408.0
1200000.000000 6300000.000000 -200000.000000 4375.15 1274.3 3407.4
0.000000 6400000.000000 -200000.000000 4549.91 1121.8 3420.4
100000.000000 6400000.000000 -200000.000000 4554.16 1117.1 3420.9
200000.000000 6400000.000000 -200000.000000 4518.05 1154.7 3417.6
300000.000000 6400000.000000 -200000.000000 4465.18 1203.6 3413.3
400000.000000 6400000.000000 -200000.000000 4419.90 1240.8 3410.2
500000.000000 6400000.000000 -200000.000000 4395.44 1259.5 3408.6
600000.000000 6400000.000000 -200000.000000 4386.15 1266.3 3408.0
700000.000000 6400000.000000 -200000.000000 4390.08 1263.5 3408.3
800000.000000 6400000.000000 -200000.000000 4401.59 1254.9 3409.0
900000.000000 6400000.000000 -200000.000000 4405.06 1252.2 3409.2
1000000.000000 6400000.000000 -200000.000000 4395.05 1259.8 3408.6
1100000.000000 6400000.000000 -200000.000000 4379.77 1271.0 3407.7
1200000.000000 6400000.000000 -200000.000000 4370.91 1277.3 3407.1
0.000000 6500000.000000 -200000.000000 4541.55 1130.7 3419.6
100000.000000 6500000.000000 -200000.000000 4556.22 1114.9 3421.1
200000.000000 6500000.000000 -200000.000000 4525.99 1146.8 3418.3
300000.000000 6500000.000000 -200000.000000 4473.69 1196.1 3414.0
400000.000000 6500000.000000 -200000.000000 4418.52 1241.9 3410.0
500000.000000 6500000.000000 -200000.000000 4391.74 1262.2 3408.4
600000.000000 6500000.000000 -200000.000000 4383.27 1268.5 3407.8
700000.000000 6500000.000000 -200000.000000 4384.65 1267.4 3407.9
800000.000000 6500000.000000 -200000.000000 4397.58 1257.9 3408.8
900000.000000 6500000.000000 -200000.000000 4407.14 1250.6 3409.4
1000000.000000 6500000.000000 -200000.000000 4400.91 1255.4 3409.0
1100000.000000 6500000.000000 -200000.000000 4389.33 1264.0 3408.2
1200000.000000 6500000.000000 -200000.000000 4377.85 1272.4 3407.5
0.000000 6600000.000000 -200000.000000 4537.45 1135.0 3419.3
100000.000000 6600000.000000 -200000.000000 4557.89 1113.0 3421.2
200000.000000 6600000.000000 -200000.000000 4537.57 1134.9 3419.3
300000.000000 6600000.000000 -200000.000000 4487.79 1183.5 3415.0
400000.000000 6600000.000000 -200000.000000 4423.66 1237.8 3410.5
500000.000000 6600000.000000 -200000.000000 4385.44 1266.9 3408.0
600000.000000 6600000.000000 -200000.000000 4377.09 1272.9 3407.5
700000.000000 6600000.000000 -200000.000000 4382.81 1268.8 3407.7
800000.000000 6600000.000000 -200000.000000 4397.24 1258.1 3408.7
900000.000000 6600000.000000 -200000.000000 4411.52 1247.3 3409.7
1000000.000000 6600000.000000 -200000.000000 4413.59 1245.7 3409.8
1100000.000000 6600000.000000 -200000.000000 4402.52 1254.2 3409.1
1200000.000000 6600000.000000 -200000.000000 4397.66 1257.8 3408.8
0.000000 6700000.000000 -200000.000000 4533.06 1139.6 3418.9
100000.000000 6700000.000000 -200000.000000 4555.21 1116.0 3421.0
200000.000000 6700000.000000 -200000.000000 4550.28 1121.4 3420.5
300000.000000 6700000.000000 -200000.000000 4500.71 1171.4 3416.2
400000.000000 6700000.000000 -200000.000000 4429.74 1233.0 3410.9
500000.000000 6700000.000000 -200000.000000 4373.78 1275.3 3407.3
600000.000000 6700000.000000 -200000.000000 4360.05 1285.0 3406.5
700000.000000 6700000.000000 -200000.000000 4375.24 1274.3 3407.4
800000.000000 6700000.000000 -200000.000000 4396.48 1258.7 3408.7
900000.000000 6700000.000000 -200000.000000 4415.75 1244.0 3409.9
1000000.000000 6700000.000000 -200000.000000 4423.82 1237.7 3410.5
1100000.000000 6700000.000000 -200000.000000 4415.89 1243.9 3409.9
1200000.000000 6700000.000000 -200000.000000 4432.68 1230.6 3411.1
0.000000 6800000.000000 -200000.000000 4528.83 1143.9 3418.5
100000.000000 6800000.000000 -200000.000000 4561.37 1109.1 3421.6
200000.000000 6800000.000000 -200000.000000 4566.00 1103.9 3422.0
300000.000000 6800000.000000 -200000.000000 4509.84 1162.7 3417.0
400000.000000 6800000.000000 -200000.000000 4436.26 1227.7 3411.3
500000.000000 6800000.000000 -200000.000000 4366.27 1280.6 3406.8
600000.000000 6800000.000000 -200000.000000 4347.54 1293.6 3405.8
700000.000000 6800000.000000 -200000.000000 4365.03 1281.5 3406.8
800000.000000 6800000.000000 -200000.000000 4391.48 1262.4 3408.4
900000.000000 6800000.000000 -200000.000000 4414.82 1244.7 3409.9
1000000.000000 6800000.000000 -200000.000000 4433.44 1230.0 3411.1
1100000.000000 6800000.000000 -200000.000000 4446.75 1219.1 3412.0
1200000.000000 6800000.000000 -200000.000000 4454.34 1212.8 3412.6
0.000000 6900000.000000 -200000.000000 4586.58 1079.8 3424.0
100000.000000 6900000.000000 -200000.000000 4633.80 1017.1 3429.6
200000.000000 6900000.000000 -200000.000000 4620.62 1035.7 3428.0
300000.000000 6900000.000000 -200000.000000 4536.71 1135.8 3419.2
400000.000000 6900000.000000 -200000.000000 4440.93 1223.9 3411.6
500000.000000 6900000.000000 -200000.000000 4373.32 1275.6 3407.3
600000.000000 6900000.000000 -200000.000000 4345.97 1294.7 3405.7
700000.000000 6900000.000000 -200000.000000 4357.01 1287.1 3406.3
800000.000000 6900000.000000 -200000.000000 4386.46 1266.1 3408.1
900000.000000 6900000.000000 -200000.000000 4412.51 1246.5 3409.7
1000000.000000 6900000.000000 -200000.000000 4433.87 1229.7 3411.1
1100000.000000 6900000.000000 -200000.000000 4459.49 1208.4 3412.9
1200000.000000 6900000.000000 -200000.000000 4471.14 1198.4 3413.8
0.000000 7000000.000000 -200000.000000 4640.90 1006.7 3430.5
100000.000000 7000000.000000 -200000.000000 4712.50 881.8 3441.6
200000.000000 7000000.000000 -200000.000000 4668.62 963.0 3434.4
300000.000000 7000000.000000 -200000.000000 4571.86 1097.2 3422.6
400000.000000 7000000.000000 -200000.000000 4456.35 1211.1 3412.7
500000.000000 7000000.000000 -200000.000000 4392.37 1261.8 3408.4
600000.000000 7000000.000000 -200000.000000 4355.13 1288.4 3406.2
700000.000000 7000000.000000 -200000.000000 4355.07 1288.5 3406.2
800000.000000 7000000.000000 -200000.000000 4380.79 1270.2 3407.7
900000.000000 7000000.000000 -200000.000000 4412.04 1246.9 3409.7
1000000.000000 7000000.000000 -200000.000000 4443.16 1222.1 3411.8
1100000.000000 7000000.000000 -200000.000000 4468.67 1200.5 3413.6
1200000.000000 7000000.000000 -200000.000000 4486.65 1184.5 3414.9
0.000000 7100000.000000 -200000.000000 4701.59 903.5 3439.7
100000.000000 7100000.000000 -200000.000000 4753.90 788.7 3449.9
200000.000000 7100000.000000 -200000.000000 4691.36 923.0 3437.9
300000.000000 7100000.000000 -200000.000000 4592.79 1072.1 3424.7
400000.000000 7100000.000000 -200000.000000 4465.61 1203.2 3413.4
500000.000000 7100000.000000 -200000.000000 4397.65 1257.8 3408.8
600000.000000 7100000.000000 -200000.000000 4356.48 1287.5 3406.3
700000.000000 7100000.000000 -200000.000000 4351.40 1291.0 3406.0
800000.000000 7100000.000000 -200000.000000 4378.07 1272.2 3407.5
900000.000000 7100000.000000 -200000.000000 4416.16 1243.7 3410.0
1000000.000000 7100000.000000 -200000.000000 4453.63 1213.4 3412.5
1100000.000000 7100000.000000 -200000.000000 4482.13 1188.6 3414.6
1200000.000000 7100000.000000 -200000.000000 4510.13 1162.4 3417.0
0.000000 7200000.000000 -200000.000000 4745.88 808.2 3448.2
100000.000000 7200000.000000 -200000.000000 4774.78 735.2 3454.8
200000.000000 7200000.000000 -200000.000000 4711.21 884.4 3441.4
300000.000000 7200000.000000 -200000.000000 4603.54 1058.4 3426.0
400000.000000 7200000.000000 -200000.000000 4476.81 1193.4 3414.2
500000.000000 7200000.000000 -200000.000000 4385.36 1266.9 3408.0
600000.000000 7200000.000000 -200000.000000 4344.06 1296.1 3405.5
700000.000000 7200000.000000 -200000.000000 4342.22 1297.3 3405.5
800000.000000 7200000.000000 -200000.000000 4367.07 1280.1 3406.9
900000.000000 7200000.000000 -200000.000000 4406.50 1251.1 3409.3
1000000.000000 7200000.000000 -200000.000000 4448.79 1217.4 3412.2
1100000.000000 7200000.000000 -200000.000000 4478.62 1191.8 3414.3
1200000.000000 7200000.000000 -200000.000000 4510.15 1162.4 3417.0
0.000000 7300000.000000 -200000.000000 4792.73 685.9 3459.2
100000.000000 7300000.000000 -200000.000000 4781.75 716.5 3456.4
200000.000000 7300000.000000 -200000.000000 4739.54 823.0 3446.9
300000.000000 7300000.000000 -200000.000000 4613.83 1044.9 3427.1
400000.000000 7300000.000000 -200000.000000 4494.43 1177.4 3415.6
500000.000000 7300000.000000 -200000.000000 4376.02 1273.7 3407.4
600000.000000 7300000.000000 -200000.000000 4330.06 1305.4 3404.8
700000.000000 7300000.000000 -200000.000000 4324.83 1308.9 3404.5
800000.000000 7300000.000000 -200000.000000 4345.47 1295.1 3405.6
900000.000000 7300000.000000 -200000.000000 4380.17 1270.7 3407.7
1000000.000000 7300000.000000 -200000.000000 4425.61 1236.3 3410.6
1100000.000000 7300000.000000 -200000.000000 4468.30 1200.9 3413.6
1200000.000000 7300000.000000 -200000.000000 4499.83 1172.3 3416.1
0.000000 7400000.000000 -200000.000000 4768.33 752.2 3453.2
100000.000000 7400000.000000 -200000.000000 4769.13 750.1 3453.4
200000.000000 7400000.000000 -200000.000000 4724.66 856.4 3443.8
300000.000000 7400000.000000 -200000.000000 4615.75 1042.4 3427.4
400000.000000 7400000.000000 -200000.000000 4499.69 1172.4 3416.1
500000.000000 7400000.000000 -200000.000000 4385.75 1266.6 3408.0
600000.000000 7400000.000000 -200000.000000 4334.34 1302.6 3405.0
700000.000000 7400000.000000 -200000.000000 4323.21 1309.9 3404.4
800000.000000 7400000.000000 -200000.000000 4332.53 1303.8 3404.9
900000.000000 7400000.000000 -200000.000000 4363.00 1282.9 3406.7
1000000.000000 7400000.000000 -200000.000000 4400.94 1255.3 3409.0
1100000.000000 7400000.000000 -200000.000000 4445.38 1220.3 3411.9
1200000.000000 7400000.000000 -200000.000000 4477.33 1192.9 3414.2
0.000000 7500000.000000 -200000.000000 4719.71 866.9 3442.9
100000.000000 7500000.000000 -200000.000000 4739.86 822.2 3446.9
200000.000000 7500000.000000 -200000.000000 4689.07 927.2 3437.5
300000.000000 7500000.000000 -200000.000000 4614.28 1044.3 3427.2
400000.000000 7500000.000000 -200000.000000 4499.31 1172.8 3416.1
500000.000000 7500000.000000 -200000.000000 4414.22 1245.2 3409.8
600000.000000 7500000.000000 -200000.000000 4357.11 1287.1 3406.3
700000.000000 7500000.000000 -200000.000000 4332.78 1303.6 3404.9
800000.000000 7500000.000000 -200000.000000 4333.92 1302.9 3405.0
900000.000000 7500000.000000 -200000.000000 4354.33 1289.0 3406.2
1000000.000000 7500000.000000 -200000.000000 4382.17 1269.3 3407.7
1100000.000000 7500000.000000 -200000.000000 4417.59 1242.6 3410.0
1200000.000000 7500000.000000 -200000.000000 4451.39 1215.3 3412.3
0.000000 7600000.000000 -200000.000000 4700.13 906.5 3439.3
100000.000000 7600000.000000 -200000.000000 4717.29 872.0 3442.5
200000.000000 7600000.000000 -200000.000000 4663.39 971.8 3433.4
300000.000000 7600000.000000 -200000.000000 4599.79 1063.3 3425.6
400000.000000 7600000.000000 -200000.000000 4512.18 1160.5 3417.0
500000.000000 7600000.000000 -200000.000000 4444.23 1221.2 3411.9
600000.000000 7600000.000000 -200000.000000 4380.98 1270.1 3407.7
700000.000000 7600000.000000 -200000.000000 4345.15 1295.3 3405.6
800000.000000 7600000.000000 -200000.000000 4341.61 1297.7 3405.4
900000.000000 7600000.000000 -200000.000000 4348.16 1293.2 3405.8
1000000.000000 7600000.000000 -200000.000000 4365.12 1281.4 3406.8
1100000.000000 7600000.000000 -200000.000000 4387.42 1265.4 3408.1
1200000.000000 7600000.000000 -200000.000000 4421.85 1239.2 3410.3
0.000000 7700000.000000 -200000.000000 4695.46 915.4 3438.5
100000.000000 7700000.000000 -200000.000000 4702.24 902.2 3439.8
200000.000000 7700000.000000 -200000.000000 4647.11 997.4 3431.3
300000.000000 7700000.000000 -200000.000000 4585.08 1081.6 3423.9
400000.000000 7700000.000000 -200000.000000 4520.59 1152.2 3417.8
500000.000000 7700000.000000 -200000.000000 4458.78 1209.0 3412.9
600000.000000 7700000.000000 -200000.000000 4397.40 1258.0 3408.7
700000.000000 7700000.000000 -200000.000000 4356.82 1287.3 3406.3
800000.000000 7700000.000000 -200000.000000 4347.23 1293.9 3405.8
900000.000000 7700000.000000 -200000.000000 4341.29 1297.9 3405.4
1000000.000000 7700000.000000 -200000.000000 4335.55 1301.8 3405.1
1100000.000000 7700000.000000 -200000.000000 4347.16 1293.9 3405.7
1200000.000000 7700000.000000 -200000.000000 4367.80 1279.6 3406.9
0.000000 7800000.000000 -200000.000000 4701.15 904.4 3439.6
100000.000000 7800000.000000 -200000.000000 4672.10 957.1 3434.9
200000.000000 7800000.000000 -200000.000000 4621.81 1034.0 3428.2
300000.000000 7800000.000000 -200000.000000 4561.47 1109.0 3421.6
400000.000000 7800000.000000 -200000.000000 4529.88 1142.8 3418.6
500000.000000 7800000.000000 -200000.000000 4476.79 1193.4 3414.2
600000.000000 7800000.000000 -200000.000000 4419.01 1241.5 3410.1
700000.000000 7800000.000000 -200000.000000 4376.89 1273.1 3407.5
800000.000000 7800000.000000 -200000.000000 4347.67 1293.6 3405.8
900000.000000 7800000.000000 -200000.000000 4333.04 1303.4 3405.0
1000000.000000 7800000.000000 -200000.000000 4329.93 1305.5 3404.8
1100000.000000 7800000.000000 -200000.000000 4338.00 1300.1 3405.2
1200000.000000 7800000.000000 -200000.000000 4352.14 1290.5 3406.0
