# Temperature output
# Input file: VsSL2013.dat
# Velocity scale factor: 1.0
# Mantle composition:
# cpx - 0.133
# gnt - 0.153
# jd - 0.045
# ol - 0.617
# opx - 0.052
# XFe - 0.11
# Pressure calculation: AK135
# Wave frequency (Omega) / Hz: 0.02
# Anelasticity parameters: Sobolev et al. (1996)
# Alpha depending on: Nothing
# Columns:
# 1 - X
# 2 - Y
# 3 - Z / masl
# 4 - V_S / m/s
# 5 - T_syn / degC
# 6 - Rho / kg/m3
0.000000 6000000.000000 -50000.000000 4287.65 1027.9 3335.2
100000.000000 6000000.000000 -50000.000000 4268.31 1039.8 3334.3
200000.000000 6000000.000000 -50000.000000 4199.97 1078.7 3331.2
300000.000000 6000000.000000 -50000.000000 4211.42 1072.5 3331.7
400000.000000 6000000.000000 -50000.000000 4255.62 1047.4 3333.7
500000.000000 6000000.000000 -50000.000000 4321.22 1006.0 3336.9
600000.000000 6000000.000000 -50000.000000 4351.67 984.9 3338.6
700000.000000 6000000.000000 -50000.000000 4393.21 953.4 3341.1
800000.000000 6000000.000000 -50000.000000 4446.59 907.4 3344.7
900000.000000 6000000.000000 -50000.000000 4511.32 840.0 3350.0
1000000.000000 6000000.000000 -50000.000000 4540.59 803.5 3352.9
1100000.000000 6000000.000000 -50000.000000 4530.66 816.4 3351.9
1200000.000000 6000000.000000 -50000.000000 4520.57 828.9 3350.9
0.000000 6100000.000000 -50000.000000 4214.74 1070.7 3331.8
100000.000000 6100000.000000 -50000.000000 4197.87 1079.9 3331.1
200000.000000 6100000.000000 -50000.000000 4274.23 1036.2 3334.5
300000.000000 6100000.000000 -50000.000000 4166.95 1096.1 3329.8
400000.000000 6100000.000000 -50000.000000 4226.34 1064.2 3332.3
500000.000000 6100000.000000 -50000.000000 4286.77 1028.4 3335.2
600000.000000 6100000.000000 -50000.000000 4325.96 1002.8 3337.2
700000.000000 6100000.000000 -50000.000000 4355.12 982.4 3338.8
800000.000000 6100000.000000 -50000.000000 4503.69 848.8 3349.3
900000.000000 6100000.000000 -50000.000000 4424.88 927.0 3343.1
1000000.000000 6100000.000000 -50000.000000 4474.84 879.9 3346.9
1100000.000000 6100000.000000 -50000.000000 4516.49 833.9 3350.5
1200000.000000 6100000.000000 -50000.000000 4520.07 829.6 3350.8
0.000000 6200000.000000 -50000.000000 4194.14 1081.9 3330.9
100000.000000 6200000.000000 -50000.000000 4189.06 1084.6 3330.7
200000.000000 6200000.000000 -50000.000000 4173.36 1092.8 3330.1
300000.000000 6200000.000000 -50000.000000 4165.32 1096.9 3329.8
400000.000000 6200000.000000 -50000.000000 4242.55 1055.0 3333.1
500000.000000 6200000.000000 -50000.000000 4304.46 1017.1 3336.0
600000.000000 6200000.000000 -50000.000000 4342.38 991.5 3338.1
700000.000000 6200000.000000 -50000.000000 4341.04 992.4 3338.0
800000.000000 6200000.000000 -50000.000000 4377.50 965.7 3340.1
900000.000000 6200000.000000 -50000.000000 4392.50 954.0 3341.0
1000000.000000 6200000.000000 -50000.000000 4425.62 926.4 3343.2
1100000.000000 6200000.000000 -50000.000000 4438.83 914.6 3344.1
1200000.000000 6200000.000000 -50000.000000 4480.45 874.1 3347.3
0.000000 6300000.000000 -50000.000000 4259.09 1045.3 3333.8
100000.000000 6300000.000000 -50000.000000 4233.93 1060.0 3332.7
200000.000000 6300000.000000 -50000.000000 4192.34 1082.8 3330.9
300000.000000 6300000.000000 -50000.000000 4207.69 1074.6 3331.5
400000.000000 6300000.000000 -50000.000000 4271.85 1037.6 3334.4
500000.000000 6300000.000000 -50000.000000 4316.30 1009.3 3336.7
600000.000000 6300000.000000 -50000.000000 4362.11 977.3 3339.2
700000.000000 6300000.000000 -50000.000000 4358.26 980.1 3339.0
800000.000000 6300000.000000 -50000.000000 4359.29 979.3 3339.0
900000.000000 6300000.000000 -50000.000000 4391.15 955.0 3340.9
1000000.000000 6300000.000000 -50000.000000 4419.03 932.1 3342.7
1100000.000000 6300000.000000 -50000.000000 4431.23 921.4 3343.6
1200000.000000 6300000.000000 -50000.000000 4452.81 901.6 3345.1
0.000000 6400000.000000 -50000.000000 4370.88 970.7 3339.7
100000.000000 6400000.000000 -50000.000000 4288.53 1027.3 3335.2
200000.000000 6400000.000000 -50000.000000 4222.30 1066.5 3332.2
300000.000000 6400000.000000 -50000.000000 4240.78 1056.0 3333.0
400000.000000 6400000.000000 -50000.000000 4277.57 1034.1 3334.7
500000.000000 6400000.000000 -50000.000000 4315.65 1009.8 3336.6
600000.000000 6400000.000000 -50000.000000 4337.97 994.6 3337.8
700000.000000 6400000.000000 -50000.000000 4348.60 987.1 3338.4
800000.000000 6400000.000000 -50000.000000 4350.95 985.4 3338.5
900000.000000 6400000.000000 -50000.000000 4385.79 959.3 3340.6
1000000.000000 6400000.000000 -50000.000000 4422.33 929.2 3343.0
1100000.000000 6400000.000000 -50000.000000 4469.92 884.9 3346.5
1200000.000000 6400000.000000 -50000.000000 4473.79 881.0 3346.8
0.000000 6500000.000000 -50000.000000 4354.11 983.1 3338.7
100000.000000 6500000.000000 -50000.000000 4263.51 1042.7 3334.0
200000.000000 6500000.000000 -50000.000000 4224.18 1065.5 3332.2
300000.000000 6500000.000000 -50000.000000 4224.10 1065.5 3332.2
400000.000000 6500000.000000 -50000.000000 4232.30 1060.9 3332.6
500000.000000 6500000.000000 -50000.000000 4250.70 1050.3 3333.4
600000.000000 6500000.000000 -50000.000000 4263.43 1042.7 3334.0
700000.000000 6500000.000000 -50000.000000 4287.64 1027.9 3335.2
800000.000000 6500000.000000 -50000.000000 4311.54 1012.5 3336.4
900000.000000 6500000.000000 -50000.000000 4343.20 990.9 3338.1
1000000.000000 6500000.000000 -50000.000000 4384.73 960.1 3340.5
1100000.000000 6500000.000000 -50000.000000 4427.54 924.7 3343.3
1200000.000000 6500000.000000 -50000.000000 4489.46 864.6 3348.1
0.000000 6600000.000000 -50000.000000 4169.83 1094.6 3329.9
100000.000000 6600000.000000 -50000.000000 4162.47 1098.4 3329.7
200000.000000 6600000.000000 -50000.000000 4217.60 1069.1 3331.9
300000.000000 6600000.000000 -50000.000000 4236.63 1058.4 3332.8
400000.000000 6600000.000000 -50000.000000 4232.19 1060.9 3332.6
500000.000000 6600000.000000 -50000.000000 4238.12 1057.6 3332.9
600000.000000 6600000.000000 -50000.000000 4250.61 1050.3 3333.4
700000.000000 6600000.000000 -50000.000000 4277.69 1034.0 3334.7
800000.000000 6600000.000000 -50000.000000 4295.05 1023.2 3335.6
900000.000000 6600000.000000 -50000.000000 4305.16 1016.7 3336.1
1000000.000000 6600000.000000 -50000.000000 4346.30 988.7 3338.3
1100000.000000 6600000.000000 -50000.000000 4383.55 961.0 3340.5
1200000.000000 6600000.000000 -50000.000000 4426.96 925.2 3343.3
0.000000 6700000.000000 -50000.000000 4053.48 1149.9 3325.6
100000.000000 6700000.000000 -50000.000000 4107.50 1125.3 3327.5
200000.000000 6700000.000000 -50000.000000 4218.20 1068.8 3332.0
300000.000000 6700000.000000 -50000.000000 4298.27 1021.1 3335.7
400000.000000 6700000.000000 -50000.000000 4305.46 1016.5 3336.1
500000.000000 6700000.000000 -50000.000000 4303.50 1017.7 3336.0
600000.000000 6700000.000000 -50000.000000 4308.95 1014.2 3336.3
700000.000000 6700000.000000 -50000.000000 4312.74 1011.7 3336.5
800000.000000 6700000.000000 -50000.000000 4312.74 1011.7 3336.5
900000.000000 6700000.000000 -50000.000000 4317.48 1008.6 3336.7
1000000.000000 6700000.000000 -50000.000000 4336.75 995.4 3337.7
1100000.000000 6700000.000000 -50000.000000 4355.40 982.2 3338.8
1200000.000000 6700000.000000 -50000.000000 4391.88 954.5 3341.0
0.000000 6800000.000000 -50000.000000 3964.42 1187.2 3322.7
100000.000000 6800000.000000 -50000.000000 4061.39 1146.4 3325.9
200000.000000 6800000.000000 -50000.000000 4225.76 1064.6 3332.3
300000.000000 6800000.000000 -50000.000000 4367.57 973.2 3339.5
400000.000000 6800000.000000 -50000.000000 4360.05 978.8 3339.1
500000.000000 6800000.000000 -50000.000000 4351.92 984.7 3338.6
600000.000000 6800000.000000 -50000.000000 4359.63 979.1 3339.0
700000.000000 6800000.000000 -50000.000000 4370.94 970.7 3339.7
800000.000000 6800000.000000 -50000.000000 4387.40 958.0 3340.7
900000.000000 6800000.000000 -50000.000000 4388.94 956.8 3340.8
1000000.000000 6800000.000000 -50000.000000 4379.54 964.1 3340.2
1100000.000000 6800000.000000 -50000.000000 4374.02 968.3 3339.9
1200000.000000 6800000.000000 -50000.000000 4379.70 964.0 3340.2
0.000000 6900000.000000 -50000.000000 3857.50 1227.7 3319.5
100000.000000 6900000.000000 -50000.000000 3922.74 1203.5 3321.4
200000.000000 6900000.000000 -50000.000000 4080.03 1138.0 3326.5
300000.000000 6900000.000000 -50000.000000 4244.32 1054.0 3333.1
400000.000000 6900000.000000 -50000.000000 4313.41 1011.3 3336.5
500000.000000 6900000.000000 -50000.000000 4315.97 1009.6 3336.6
600000.000000 6900000.000000 -50000.000000 4343.74 990.5 3338.1
700000.000000 6900000.000000 -50000.000000 4365.05 975.1 3339.3
800000.000000 6900000.000000 -50000.000000 4393.87 952.9 3341.1
900000.000000 6900000.000000 -50000.000000 4421.85 929.6 3342.9
1000000.000000 6900000.000000 -50000.000000 4441.23 912.4 3344.3
1100000.000000 6900000.000000 -50000.000000 4458.74 895.9 3345.6
1200000.000000 6900000.000000 -50000.000000 4443.73 910.1 3344.5
0.000000 7000000.000000 -50000.000000 3797.04 1249.0 3317.8
100000.000000 7000000.000000 -50000.000000 3773.18 1257.1 3317.2
200000.000000 7000000.000000 -50000.000000 3917.26 1205.6 3321.2
300000.000000 7000000.000000 -50000.000000 4065.78 1144.4 3326.0
400000.000000 7000000.000000 -50000.000000 4186.49 1085.9 3330.6
500000.000000 7000000.000000 -50000.000000 4224.34 1065.4 3332.2
600000.000000 7000000.000000 -50000.000000 4260.33 1044.6 3333.9
700000.000000 7000000.000000 -50000.000000 4303.50 1017.7 3336.0
800000.000000 7000000.000000 -50000.000000 4340.72 992.6 3338.0
900000.000000 7000000.000000 -50000.000000 4390.04 955.9 3340.9
1000000.000000 7000000.000000 -50000.000000 4435.12 917.9 3343.9
1100000.000000 7000000.000000 -50000.000000 4472.71 882.1 3346.7
1200000.000000 7000000.000000 -50000.000000 4501.68 851.1 3349.1
0.000000 7100000.000000 -50000.000000 3805.35 1246.1 3318.1
100000.000000 7100000.000000 -50000.000000 3782.99 1253.7 3317.5
200000.000000 7100000.000000 -50000.000000 3876.42 1220.8 3320.0
300000.000000 7100000.000000 -50000.000000 4001.62 1172.0 3323.9
400000.000000 7100000.000000 -50000.000000 4132.92 1113.1 3328.5
500000.000000 7100000.000000 -50000.000000 4180.39 1089.1 3330.4
600000.000000 7100000.000000 -50000.000000 4218.19 1068.8 3332.0
700000.000000 7100000.000000 -50000.000000 4268.57 1039.6 3334.3
800000.000000 7100000.000000 -50000.000000 4289.37 1026.8 3335.3
900000.000000 7100000.000000 -50000.000000 4322.93 1004.9 3337.0
1000000.000000 7100000.000000 -50000.000000 4374.69 967.8 3339.9
1100000.000000 7100000.000000 -50000.000000 4428.47 923.9 3343.4
1200000.000000 7100000.000000 -50000.000000 4482.87 871.6 3347.5
0.000000 7200000.000000 -50000.000000 3815.14 1242.7 3318.3
100000.000000 7200000.000000 -50000.000000 3797.61 1248.8 3317.9
200000.000000 7200000.000000 -50000.000000 3884.85 1217.7 3320.3
300000.000000 7200000.000000 -50000.000000 4012.32 1167.6 3324.2
400000.000000 7200000.000000 -50000.000000 4116.50 1121.0 3327.9
500000.000000 7200000.000000 -50000.000000 4174.03 1092.4 3330.1
600000.000000 7200000.000000 -50000.000000 4228.54 1063.0 3332.4
700000.000000 7200000.000000 -50000.000000 4294.73 1023.4 3335.5
800000.000000 7200000.000000 -50000.000000 4322.54 1005.2 3337.0
900000.000000 7200000.000000 -50000.000000 4346.67 988.4 3338.3
1000000.000000 7200000.000000 -50000.000000 4376.77 966.2 3340.0
1100000.000000 7200000.000000 -50000.000000 4404.56 944.2 3341.8
1200000.000000 7200000.000000 -50000.000000 4413.43 936.8 3342.4
0.000000 7300000.000000 -50000.000000 3804.28 1246.5 3318.0
100000.000000 7300000.000000 -50000.000000 3814.46 1242.9 3318.3
200000.000000 7300000.000000 -50000.000000 3916.91 1205.7 3321.2
300000.000000 7300000.000000 -50000.000000 4050.63 1151.1 3325.5
400000.000000 7300000.000000 -50000.000000 4100.66 1128.5 3327.3
500000.000000 7300000.000000 -50000.000000 4166.93 1096.1 3329.8
600000.000000 7300000.000000 -50000.000000 4264.12 1042.3 3334.1
700000.000000 7300000.000000 -50000.000000 4354.09 983.1 3338.7
800000.000000 7300000.000000 -50000.000000 4430.40 922.2 3343.5
900000.000000 7300000.000000 -50000.000000 4453.70 900.8 3345.2
1000000.000000 7300000.000000 -50000.000000 4460.16 894.5 3345.7
1100000.000000 7300000.000000 -50000.000000 4440.71 912.9 3344.3
1200000.000000 7300000.000000 -50000.000000 4410.40 939.4 3342.2
0.000000 7400000.000000 -50000.000000 3750.56 1264.6 3316.6
100000.000000 7400000.000000 -50000.000000 3737.17 1269.0 3316.3
200000.000000 7400000.000000 -50000.000000 3841.78 1233.3 3319.1
300000.000000 7400000.000000 -50000.000000 3986.13 1178.4 3323.4
400000.000000 7400000.000000 -50000.000000 4058.25 1147.8 3325.8
500000.000000 7400000.000000 -50000.000000 4134.46 1112.3 3328.6
600000.000000 7400000.000000 -50000.000000 4250.39 1050.4 3333.4
700000.000000 7400000.000000 -50000.000000 4347.93 987.5 3338.4
800000.000000 7400000.000000 -50000.000000 4462.20 892.5 3345.9
900000.000000 7400000.000000 -50000.000000 4508.56 843.2 3349.8
1000000.000000 7400000.000000 -50000.000000 4533.94 812.2 3352.2
1100000.000000 7400000.000000 -50000.000000 4511.24 840.1 3350.0
1200000.000000 7400000.000000 -50000.000000 4459.45 895.2 3345.6
0.000000 7500000.000000 -50000.000000 3735.19 1269.6 3316.2
100000.000000 7500000.000000 -50000.000000 3637.07 1300.6 3313.8
200000.000000 7500000.000000 -50000.000000 3724.44 1273.1 3316.0
300000.000000 7500000.000000 -50000.000000 3860.00 1226.8 3319.6
400000.000000 7500000.000000 -50000.000000 3989.60 1177.0 3323.5
500000.000000 7500000.000000 -50000.000000 4068.39 1143.2 3326.1
600000.000000 7500000.000000 -50000.000000 4174.82 1092.0 3330.1
700000.000000 7500000.000000 -50000.000000 4299.33 1020.4 3335.8
800000.000000 7500000.000000 -50000.000000 4403.05 945.4 3341.7
900000.000000 7500000.000000 -50000.000000 4485.50 868.8 3347.7
1000000.000000 7500000.000000 -50000.000000 4524.38 824.3 3351.3
1100000.000000 7500000.000000 -50000.000000 4524.59 824.0 3351.3
1200000.000000 7500000.000000 -50000.000000 4495.50 858.0 3348.6
0.000000 7600000.000000 -50000.000000 3758.91 1261.8 3316.8
100000.000000 7600000.000000 -50000.000000 3650.73 1296.4 3314.1
200000.000000 7600000.000000 -50000.000000 3713.45 1276.7 3315.7
300000.000000 7600000.000000 -50000.000000 3819.57 1241.2 3318.5
400000.000000 7600000.000000 -50000.000000 3945.23 1194.8 3322.1
500000.000000 7600000.000000 -50000.000000 4030.16 1160.0 3324.8
600000.000000 7600000.000000 -50000.000000 4116.61 1120.9 3327.9
700000.000000 7600000.000000 -50000.000000 4237.90 1057.7 3332.8
800000.000000 7600000.000000 -50000.000000 4329.25 1000.6 3337.3
900000.000000 7600000.000000 -50000.000000 4427.65 924.6 3343.3
1000000.000000 7600000.000000 -50000.000000 4465.44 889.4 3346.1
1100000.000000 7600000.000000 -50000.000000 4504.83 847.5 3349.4
1200000.000000 7600000.000000 -50000.000000 4518.07 832.0 3350.6
0.000000 7700000.000000 -50000.000000 3658.55 1294.0 3314.3
100000.000000 7700000.000000 -50000.000000 3708.26 1278.4 3315.5
200000.000000 7700000.000000 -50000.000000 3769.23 1258.4 3317.1
300000.000000 7700000.000000 -50000.000000 3873.48 1221.9 3320.0
400000.000000 7700000.000000 -50000.000000 3980.82 1180.6 3323.2
500000.000000 7700000.000000 -50000.000000 4057.73 1148.0 3325.8
600000.000000 7700000.000000 -50000.000000 4136.86 1111.2 3328.6
700000.000000 7700000.000000 -50000.000000 4233.02 1060.5 3332.6
800000.000000 7700000.000000 -50000.000000 4312.65 1011.8 3336.5
900000.000000 7700000.000000 -50000.000000 4388.99 956.7 3340.8
1000000.000000 7700000.000000 -50000.000000 4441.16 912.5 3344.3
1100000.000000 7700000.000000 -50000.000000 4581.54 743.7 3357.6
1200000.000000 7700000.000000 -50000.000000 4471.76 883.0 3346.6
0.000000 7800000.000000 -50000.000000 3775.64 1256.2 3317.3
100000.000000 7800000.000000 -50000.000000 3788.50 1251.9 3317.6
200000.000000 7800000.000000 -50000.000000 3875.95 1221.0 3320.0
300000.000000 7800000.000000 -50000.000000 4003.49 1171.3 3323.9
400000.000000 7800000.000000 -50000.000000 4064.22 1145.1 3326.0
500000.000000 7800000.000000 -50000.000000 4135.03 1112.0 3328.6
600000.000000 7800000.000000 -50000.000000 4205.24 1075.9 3331.4
700000.000000 7800000.000000 -50000.000000 4262.76 1043.1 3334.0
800000.000000 7800000.000000 -50000.000000 4323.82 1004.3 3337.0
900000.000000 7800000.000000 -50000.000000 4346.08 988.9 3338.3
1000000.000000 7800000.000000 -50000.000000 4387.68 957.8 3340.7
1100000.000000 7800000.000000 -50000.000000 4416.97 933.8 3342.6
1200000.000000 7800000.000000 -50000.000000 4424.73 927.1 3343.1
0.000000 6000000.000000 -87500.000000 4378.25 1039.5 3366.9
100000.000000 6000000.000000 -87500.000000 4377.44 1040.1 3366.9
200000.000000 6000000.000000 -87500.000000 4380.05 1038.1 3367.0
300000.000000 6000000.000000 -87500.000000 4390.63 1030.0 3367.6
400000.000000 6000000.000000 -87500.000000 4413.40 1011.6 3369.0
500000.000000 6000000.000000 -87500.000000 4444.34 984.9 3371.0
600000.000000 6000000.000000 -87500.000000 4471.65 959.3 3372.9
700000.000000 6000000.000000 -87500.000000 4501.78 928.3 3375.2
800000.000000 6000000.000000 -87500.000000 4515.52 913.1 3376.4
900000.000000 6000000.000000 -87500.000000 4513.92 914.9 3376.2
1000000.000000 6000000.000000 -87500.000000 4515.09 913.6 3376.3
1100000.000000 6000000.000000 -87500.000000 4517.71 910.6 3376.5
1200000.000000 6000000.000000 -87500.000000 4521.32 906.5 3376.9
0.000000 6100000.000000 -87500.000000 4440.62 988.2 3370.7
100000.000000 6100000.000000 -87500.000000 4407.43 1016.5 3368.6
200000.000000 6100000.000000 -87500.000000 4391.62 1029.2 3367.7
300000.000000 6100000.000000 -87500.000000 4383.80 1035.3 3367.2
400000.000000 6100000.000000 -87500.000000 4401.42 1021.4 3368.3
500000.000000 6100000.000000 -87500.000000 4427.55 999.7 3369.9
600000.000000 6100000.000000 -87500.000000 4455.68 974.5 3371.8
700000.000000 6100000.000000 -87500.000000 4480.23 950.8 3373.5
800000.000000 6100000.000000 -87500.000000 4505.01 924.8 3375.5
900000.000000 6100000.000000 -87500.000000 4505.49 924.3 3375.5
1000000.000000 6100000.000000 -87500.000000 4507.96 921.6 3375.7
1100000.000000 6100000.000000 -87500.000000 4512.22 916.8 3376.1
1200000.000000 6100000.000000 -87500.000000 4516.34 912.2 3376.4
0.000000 6200000.000000 -87500.000000 4475.64 955.3 3373.2
100000.000000 6200000.000000 -87500.000000 4429.23 998.2 3370.0
200000.000000 6200000.000000 -87500.000000 4394.41 1027.0 3367.9
300000.000000 6200000.000000 -87500.000000 4374.44 1042.4 3366.7
400000.000000 6200000.000000 -87500.000000 4384.64 1034.6 3367.3
500000.000000 6200000.000000 -87500.000000 4402.39 1020.6 3368.3
600000.000000 6200000.000000 -87500.000000 4431.81 996.0 3370.2
700000.000000 6200000.000000 -87500.000000 4461.43 969.1 3372.2
800000.000000 6200000.000000 -87500.000000 4484.63 946.3 3373.9
900000.000000 6200000.000000 -87500.000000 4493.71 936.9 3374.6
1000000.000000 6200000.000000 -87500.000000 4498.06 932.3 3374.9
1100000.000000 6200000.000000 -87500.000000 4502.60 927.4 3375.3
1200000.000000 6200000.000000 -87500.000000 4503.01 927.0 3375.3
0.000000 6300000.000000 -87500.000000 4484.26 946.7 3373.9
100000.000000 6300000.000000 -87500.000000 4435.09 993.1 3370.4
200000.000000 6300000.000000 -87500.000000 4400.50 1022.2 3368.2
300000.000000 6300000.000000 -87500.000000 4374.09 1042.7 3366.7
400000.000000 6300000.000000 -87500.000000 4377.63 1040.0 3366.9
500000.000000 6300000.000000 -87500.000000 4393.35 1027.8 3367.8
600000.000000 6300000.000000 -87500.000000 4417.50 1008.2 3369.3
700000.000000 6300000.000000 -87500.000000 4440.52 988.3 3370.7
800000.000000 6300000.000000 -87500.000000 4465.91 964.8 3372.5
900000.000000 6300000.000000 -87500.000000 4483.44 947.5 3373.8
1000000.000000 6300000.000000 -87500.000000 4490.06 940.7 3374.3
1100000.000000 6300000.000000 -87500.000000 4494.69 935.9 3374.7
1200000.000000 6300000.000000 -87500.000000 4494.90 935.7 3374.7
0.000000 6400000.000000 -87500.000000 4484.32 946.6 3373.9
100000.000000 6400000.000000 -87500.000000 4450.56 979.2 3371.4
200000.000000 6400000.000000 -87500.000000 4410.98 1013.6 3368.9
300000.000000 6400000.000000 -87500.000000 4388.10 1031.9 3367.5
400000.000000 6400000.000000 -87500.000000 4381.12 1037.3 3367.1
500000.000000 6400000.000000 -87500.000000 4392.09 1028.8 3367.7
600000.000000 6400000.000000 -87500.000000 4406.71 1017.1 3368.6
700000.000000 6400000.000000 -87500.000000 4430.73 996.9 3370.1
800000.000000 6400000.000000 -87500.000000 4457.19 973.1 3371.9
900000.000000 6400000.000000 -87500.000000 4479.55 951.5 3373.5
1000000.000000 6400000.000000 -87500.000000 4486.94 944.0 3374.1
1100000.000000 6400000.000000 -87500.000000 4490.38 940.4 3374.3
1200000.000000 6400000.000000 -87500.000000 4489.72 941.1 3374.3
0.000000 6500000.000000 -87500.000000 4485.03 945.9 3373.9
100000.000000 6500000.000000 -87500.000000 4455.74 974.5 3371.8
200000.000000 6500000.000000 -87500.000000 4423.10 1003.5 3369.6
300000.000000 6500000.000000 -87500.000000 4401.67 1021.2 3368.3
400000.000000 6500000.000000 -87500.000000 4386.41 1033.3 3367.4
500000.000000 6500000.000000 -87500.000000 4389.88 1030.6 3367.6
600000.000000 6500000.000000 -87500.000000 4398.67 1023.6 3368.1
700000.000000 6500000.000000 -87500.000000 4422.32 1004.2 3369.6
800000.000000 6500000.000000 -87500.000000 4449.22 980.5 3371.3
900000.000000 6500000.000000 -87500.000000 4472.55 958.4 3373.0
1000000.000000 6500000.000000 -87500.000000 4484.18 946.8 3373.8
1100000.000000 6500000.000000 -87500.000000 4486.30 944.6 3374.0
1200000.000000 6500000.000000 -87500.000000 4493.14 937.5 3374.5
0.000000 6600000.000000 -87500.000000 4475.72 955.3 3373.2
100000.000000 6600000.000000 -87500.000000 4453.94 976.1 3371.7
200000.000000 6600000.000000 -87500.000000 4434.99 993.2 3370.4
300000.000000 6600000.000000 -87500.000000 4415.81 1009.6 3369.2
400000.000000 6600000.000000 -87500.000000 4392.62 1028.4 3367.8
500000.000000 6600000.000000 -87500.000000 4385.59 1033.9 3367.3
600000.000000 6600000.000000 -87500.000000 4394.17 1027.2 3367.8
700000.000000 6600000.000000 -87500.000000 4419.50 1006.5 3369.4
800000.000000 6600000.000000 -87500.000000 4444.35 984.9 3371.0
900000.000000 6600000.000000 -87500.000000 4467.87 963.0 3372.6
1000000.000000 6600000.000000 -87500.000000 4485.05 945.9 3373.9
1100000.000000 6600000.000000 -87500.000000 4487.13 943.8 3374.1
1200000.000000 6600000.000000 -87500.000000 4498.95 931.4 3375.0
0.000000 6700000.000000 -87500.000000 4467.67 963.1 3372.6
100000.000000 6700000.000000 -87500.000000 4458.40 972.0 3372.0
200000.000000 6700000.000000 -87500.000000 4453.35 976.7 3371.6
300000.000000 6700000.000000 -87500.000000 4429.88 997.7 3370.0
400000.000000 6700000.000000 -87500.000000 4401.32 1021.5 3368.3
500000.000000 6700000.000000 -87500.000000 4382.08 1036.6 3367.1
600000.000000 6700000.000000 -87500.000000 4388.93 1031.3 3367.5
700000.000000 6700000.000000 -87500.000000 4412.53 1012.4 3368.9
800000.000000 6700000.000000 -87500.000000 4442.89 986.2 3370.9
900000.000000 6700000.000000 -87500.000000 4468.59 962.3 3372.7
1000000.000000 6700000.000000 -87500.000000 4486.29 944.6 3374.0
1100000.000000 6700000.000000 -87500.000000 4497.38 933.0 3374.9
1200000.000000 6700000.000000 -87500.000000 4516.31 912.2 3376.4
0.000000 6800000.000000 -87500.000000 4465.68 965.1 3372.5
100000.000000 6800000.000000 -87500.000000 4454.79 975.3 3371.7
200000.000000 6800000.000000 -87500.000000 4463.64 967.0 3372.3
300000.000000 6800000.000000 -87500.000000 4440.95 987.9 3370.8
400000.000000 6800000.000000 -87500.000000 4405.80 1017.9 3368.5
500000.000000 6800000.000000 -87500.000000 4380.50 1037.8 3367.1
600000.000000 6800000.000000 -87500.000000 4386.07 1033.5 3367.4
700000.000000 6800000.000000 -87500.000000 4407.46 1016.5 3368.6
800000.000000 6800000.000000 -87500.000000 4440.63 988.2 3370.7
900000.000000 6800000.000000 -87500.000000 4466.39 964.4 3372.5
1000000.000000 6800000.000000 -87500.000000 4490.13 940.7 3374.3
1100000.000000 6800000.000000 -87500.000000 4511.55 917.6 3376.0
1200000.000000 6800000.000000 -87500.000000 4527.13 899.7 3377.4
0.000000 6900000.000000 -87500.000000 4451.78 978.1 3371.5
100000.000000 6900000.000000 -87500.000000 4455.32 974.9 3371.7
200000.000000 6900000.000000 -87500.000000 4441.07 987.8 3370.8
300000.000000 6900000.000000 -87500.000000 4402.14 1020.8 3368.3
400000.000000 6900000.000000 -87500.000000 4366.07 1048.6 3366.2
500000.000000 6900000.000000 -87500.000000 4345.54 1063.5 3365.1
600000.000000 6900000.000000 -87500.000000 4361.30 1052.2 3366.0
700000.000000 6900000.000000 -87500.000000 4385.92 1033.6 3367.4
800000.000000 6900000.000000 -87500.000000 4424.54 1002.3 3369.7
900000.000000 6900000.000000 -87500.000000 4459.40 971.0 3372.0
1000000.000000 6900000.000000 -87500.000000 4485.93 945.0 3374.0
1100000.000000 6900000.000000 -87500.000000 4521.83 905.9 3376.9
1200000.000000 6900000.000000 -87500.000000 4538.51 885.9 3378.4
0.000000 7000000.000000 -87500.000000 4447.63 981.9 3371.2
100000.000000 7000000.000000 -87500.000000 4439.02 989.7 3370.6
200000.000000 7000000.000000 -87500.000000 4399.52 1022.9 3368.2
300000.000000 7000000.000000 -87500.000000 4353.87 1057.5 3365.6
400000.000000 7000000.000000 -87500.000000 4315.05 1084.4 3363.6
500000.000000 7000000.000000 -87500.000000 4309.15 1088.3 3363.3
600000.000000 7000000.000000 -87500.000000 4323.08 1079.0 3364.0
700000.000000 7000000.000000 -87500.000000 4355.96 1056.0 3365.7
800000.000000 7000000.000000 -87500.000000 4393.27 1027.9 3367.8
900000.000000 7000000.000000 -87500.000000 4439.69 989.1 3370.7
1000000.000000 7000000.000000 -87500.000000 4482.39 948.6 3373.7
1100000.000000 7000000.000000 -87500.000000 4521.85 905.9 3376.9
1200000.000000 7000000.000000 -87500.000000 4552.76 867.7 3379.8
0.000000 7100000.000000 -87500.000000 4456.09 974.1 3371.8
100000.000000 7100000.000000 -87500.000000 4433.85 994.2 3370.3
200000.000000 7100000.000000 -87500.000000 4376.42 1040.9 3366.8
300000.000000 7100000.000000 -87500.000000 4327.65 1075.9 3364.2
400000.000000 7100000.000000 -87500.000000 4284.89 1103.8 3362.1
500000.000000 7100000.000000 -87500.000000 4284.04 1104.4 3362.1
600000.000000 7100000.000000 -87500.000000 4296.68 1096.3 3362.7
700000.000000 7100000.000000 -87500.000000 4341.54 1066.3 3364.9
800000.000000 7100000.000000 -87500.000000 4379.87 1038.3 3367.0
900000.000000 7100000.000000 -87500.000000 4430.69 997.0 3370.1
1000000.000000 7100000.000000 -87500.000000 4484.16 946.8 3373.8
1100000.000000 7100000.000000 -87500.000000 4522.71 904.9 3377.0
1200000.000000 7100000.000000 -87500.000000 4564.88 851.4 3381.0
0.000000 7200000.000000 -87500.000000 4450.98 978.9 3371.4
100000.000000 7200000.000000 -87500.000000 4410.54 1014.0 3368.8
200000.000000 7200000.000000 -87500.000000 4348.60 1061.3 3365.3
300000.000000 7200000.000000 -87500.000000 4291.33 1099.8 3362.4
400000.000000 7200000.000000 -87500.000000 4251.78 1124.0 3360.6
500000.000000 7200000.000000 -87500.000000 4251.51 1124.1 3360.6
600000.000000 7200000.000000 -87500.000000 4273.29 1111.0 3361.6
700000.000000 7200000.000000 -87500.000000 4329.57 1074.6 3364.3
800000.000000 7200000.000000 -87500.000000 4377.91 1039.8 3366.9
900000.000000 7200000.000000 -87500.000000 4433.97 994.1 3370.3
1000000.000000 7200000.000000 -87500.000000 4491.14 939.6 3374.4
1100000.000000 7200000.000000 -87500.000000 4533.15 892.5 3377.9
1200000.000000 7200000.000000 -87500.000000 4568.89 845.9 3381.4
0.000000 7300000.000000 -87500.000000 4427.15 1000.0 3369.9
100000.000000 7300000.000000 -87500.000000 4373.87 1042.8 3366.7
200000.000000 7300000.000000 -87500.000000 4311.42 1086.8 3363.4
300000.000000 7300000.000000 -87500.000000 4244.82 1128.1 3360.3
400000.000000 7300000.000000 -87500.000000 4217.38 1143.8 3359.2
500000.000000 7300000.000000 -87500.000000 4206.98 1149.6 3358.7
600000.000000 7300000.000000 -87500.000000 4251.35 1124.2 3360.6
700000.000000 7300000.000000 -87500.000000 4311.16 1086.9 3363.4
800000.000000 7300000.000000 -87500.000000 4384.99 1034.4 3367.3
900000.000000 7300000.000000 -87500.000000 4438.34 990.3 3370.6
1000000.000000 7300000.000000 -87500.000000 4496.10 934.4 3374.8
1100000.000000 7300000.000000 -87500.000000 4542.99 880.3 3378.8
1200000.000000 7300000.000000 -87500.000000 4568.53 846.4 3381.4
0.000000 7400000.000000 -87500.000000 4416.99 1008.6 3369.2
100000.000000 7400000.000000 -87500.000000 4352.55 1058.5 3365.5
200000.000000 7400000.000000 -87500.000000 4291.52 1099.6 3362.5
300000.000000 7400000.000000 -87500.000000 4234.69 1134.0 3359.9
400000.000000 7400000.000000 -87500.000000 4204.78 1150.8 3358.7
500000.000000 7400000.000000 -87500.000000 4200.60 1153.1 3358.5
600000.000000 7400000.000000 -87500.000000 4248.89 1125.7 3360.5
700000.000000 7400000.000000 -87500.000000 4306.29 1090.1 3363.2
800000.000000 7400000.000000 -87500.000000 4389.68 1030.7 3367.6
900000.000000 7400000.000000 -87500.000000 4447.51 982.0 3371.2
1000000.000000 7400000.000000 -87500.000000 4503.53 926.4 3375.4
1100000.000000 7400000.000000 -87500.000000 4546.86 875.4 3379.2
1200000.000000 7400000.000000 -87500.000000 4568.40 846.5 3381.4
0.000000 7500000.000000 -87500.000000 4405.14 1018.4 3368.5
100000.000000 7500000.000000 -87500.000000 4328.15 1075.5 3364.2
200000.000000 7500000.000000 -87500.000000 4269.87 1113.1 3361.5
300000.000000 7500000.000000 -87500.000000 4235.83 1133.3 3360.0
400000.000000 7500000.000000 -87500.000000 4209.60 1148.1 3358.9
500000.000000 7500000.000000 -87500.000000 4218.45 1143.2 3359.2
600000.000000 7500000.000000 -87500.000000 4255.95 1121.5 3360.8
700000.000000 7500000.000000 -87500.000000 4322.03 1079.7 3363.9
800000.000000 7500000.000000 -87500.000000 4387.25 1032.6 3367.4
900000.000000 7500000.000000 -87500.000000 4455.77 974.4 3371.8
1000000.000000 7500000.000000 -87500.000000 4506.13 923.6 3375.6
1100000.000000 7500000.000000 -87500.000000 4545.64 876.9 3379.1
1200000.000000 7500000.000000 -87500.000000 4571.76 841.8 3381.7
0.000000 7600000.000000 -87500.000000 4390.10 1030.4 3367.6
100000.000000 7600000.000000 -87500.000000 4338.50 1068.4 3364.8
200000.000000 7600000.000000 -87500.000000 4286.14 1103.0 3362.2
300000.000000 7600000.000000 -87500.000000 4249.84 1125.1 3360.6
400000.000000 7600000.000000 -87500.000000 4229.38 1137.0 3359.7
500000.000000 7600000.000000 -87500.000000 4245.90 1127.4 3360.4
600000.000000 7600000.000000 -87500.000000 4270.87 1112.5 3361.5
700000.000000 7600000.000000 -87500.000000 4330.99 1073.6 3364.4
800000.000000 7600000.000000 -87500.000000 4388.73 1031.4 3367.5
900000.000000 7600000.000000 -87500.000000 4458.48 971.9 3372.0
1000000.000000 7600000.000000 -87500.000000 4496.80 933.7 3374.8
1100000.000000 7600000.000000 -87500.000000 4535.63 889.4 3378.1
1200000.000000 7600000.000000 -87500.000000 4570.30 843.9 3381.6
0.000000 7700000.000000 -87500.000000 4397.18 1024.8 3368.0
100000.000000 7700000.000000 -87500.000000 4351.61 1059.2 3365.5
200000.000000 7700000.000000 -87500.000000 4306.31 1090.1 3363.2
300000.000000 7700000.000000 -87500.000000 4275.24 1109.8 3361.7
400000.000000 7700000.000000 -87500.000000 4268.24 1114.1 3361.4
500000.000000 7700000.000000 -87500.000000 4279.60 1107.1 3361.9
600000.000000 7700000.000000 -87500.000000 4301.54 1093.2 3362.9
700000.000000 7700000.000000 -87500.000000 4343.00 1065.3 3365.0
800000.000000 7700000.000000 -87500.000000 4393.30 1027.9 3367.8
900000.000000 7700000.000000 -87500.000000 4440.47 988.4 3370.7
1000000.000000 7700000.000000 -87500.000000 4476.87 954.1 3373.3
1100000.000000 7700000.000000 -87500.000000 4491.71 939.0 3374.4
1200000.000000 7700000.000000 -87500.000000 4522.95 904.6 3377.0
0.000000 7800000.000000 -87500.000000 4393.17 1028.0 3367.8
100000.000000 7800000.000000 -87500.000000 4366.13 1048.6 3366.2
200000.000000 7800000.000000 -87500.000000 4328.85 1075.1 3364.3
300000.000000 7800000.000000 -87500.000000 4314.42 1084.8 3363.6
400000.000000 7800000.000000 -87500.000000 4320.60 1080.7 3363.9
500000.000000 7800000.000000 -87500.000000 4331.06 1073.6 3364.4
600000.000000 7800000.000000 -87500.000000 4344.07 1064.5 3365.1
700000.000000 7800000.000000 -87500.000000 4360.57 1052.7 3365.9
800000.000000 7800000.000000 -87500.000000 4393.46 1027.7 3367.8
900000.000000 7800000.000000 -87500.000000 4411.04 1013.6 3368.9
1000000.000000 7800000.000000 -87500.000000 4436.04 992.3 3370.4
1100000.000000 7800000.000000 -87500.000000 4463.96 966.7 3372.4
1200000.000000 7800000.000000 -87500.000000 4478.82 952.2 3373.4
0.000000 6000000.000000 -125000.000000 4422.22 1078.9 3393.1
100000.000000 6000000.000000 -125000.000000 4421.93 1079.1 3393.1
200000.000000 6000000.000000 -125000.000000 4420.36 1080.4 3393.0
300000.000000 6000000.000000 -125000.000000 4417.88 1082.5 3392.9
400000.000000 6000000.000000 -125000.000000 4423.20 1078.0 3393.2
500000.000000 6000000.000000 -125000.000000 4434.41 1068.6 3393.9
600000.000000 6000000.000000 -125000.000000 4448.57 1056.2 3394.7
700000.000000 6000000.000000 -125000.000000 4464.23 1041.9 3395.7
800000.000000 6000000.000000 -125000.000000 4464.78 1041.4 3395.8
900000.000000 6000000.000000 -125000.000000 4457.14 1048.5 3395.3
1000000.000000 6000000.000000 -125000.000000 4448.99 1055.8 3394.8
1100000.000000 6000000.000000 -125000.000000 4443.23 1060.9 3394.4
1200000.000000 6000000.000000 -125000.000000 4439.85 1063.9 3394.2
0.000000 6100000.000000 -125000.000000 4485.10 1022.0 3397.2
100000.000000 6100000.000000 -125000.000000 4457.31 1048.3 3395.3
200000.000000 6100000.000000 -125000.000000 4437.57 1065.8 3394.0
300000.000000 6100000.000000 -125000.000000 4417.05 1083.1 3392.8
400000.000000 6100000.000000 -125000.000000 4418.48 1082.0 3392.9
500000.000000 6100000.000000 -125000.000000 4425.22 1076.4 3393.3
600000.000000 6100000.000000 -125000.000000 4437.49 1065.9 3394.0
700000.000000 6100000.000000 -125000.000000 4456.29 1049.2 3395.2
800000.000000 6100000.000000 -125000.000000 4457.88 1047.8 3395.3
900000.000000 6100000.000000 -125000.000000 4448.67 1056.1 3394.7
1000000.000000 6100000.000000 -125000.000000 4441.43 1062.5 3394.3
1100000.000000 6100000.000000 -125000.000000 4438.30 1065.2 3394.1
1200000.000000 6100000.000000 -125000.000000 4433.33 1069.5 3393.8
0.000000 6200000.000000 -125000.000000 4515.39 990.7 3399.4
100000.000000 6200000.000000 -125000.000000 4479.67 1027.3 3396.8
200000.000000 6200000.000000 -125000.000000 4447.39 1057.2 3394.7
300000.000000 6200000.000000 -125000.000000 4418.11 1082.3 3392.9
400000.000000 6200000.000000 -125000.000000 4411.81 1087.4 3392.5
500000.000000 6200000.000000 -125000.000000 4411.56 1087.6 3392.5
600000.000000 6200000.000000 -125000.000000 4420.12 1080.6 3393.0
700000.000000 6200000.000000 -125000.000000 4433.17 1069.6 3393.8
800000.000000 6200000.000000 -125000.000000 4444.44 1059.8 3394.5
900000.000000 6200000.000000 -125000.000000 4440.10 1063.6 3394.2
1000000.000000 6200000.000000 -125000.000000 4435.24 1067.8 3393.9
1100000.000000 6200000.000000 -125000.000000 4427.81 1074.2 3393.5
1200000.000000 6200000.000000 -125000.000000 4418.91 1081.6 3392.9
0.000000 6300000.000000 -125000.000000 4516.73 989.2 3399.5
100000.000000 6300000.000000 -125000.000000 4488.02 1019.1 3397.4
200000.000000 6300000.000000 -125000.000000 4455.13 1050.3 3395.2
300000.000000 6300000.000000 -125000.000000 4419.77 1080.9 3393.0
400000.000000 6300000.000000 -125000.000000 4406.56 1091.6 3392.2
500000.000000 6300000.000000 -125000.000000 4404.46 1093.3 3392.1
600000.000000 6300000.000000 -125000.000000 4407.83 1090.6 3392.3
700000.000000 6300000.000000 -125000.000000 4417.91 1082.4 3392.9
800000.000000 6300000.000000 -125000.000000 4430.38 1072.0 3393.6
900000.000000 6300000.000000 -125000.000000 4433.36 1069.5 3393.8
1000000.000000 6300000.000000 -125000.000000 4429.59 1072.7 3393.6
1100000.000000 6300000.000000 -125000.000000 4420.87 1080.0 3393.0
1200000.000000 6300000.000000 -125000.000000 4411.58 1087.6 3392.5
0.000000 6400000.000000 -125000.000000 4499.53 1007.4 3398.2
100000.000000 6400000.000000 -125000.000000 4496.20 1010.8 3398.0
200000.000000 6400000.000000 -125000.000000 4464.75 1041.5 3395.8
300000.000000 6400000.000000 -125000.000000 4429.84 1072.5 3393.6
400000.000000 6400000.000000 -125000.000000 4404.96 1092.9 3392.1
500000.000000 6400000.000000 -125000.000000 4397.19 1099.1 3391.7
600000.000000 6400000.000000 -125000.000000 4398.12 1098.4 3391.7
700000.000000 6400000.000000 -125000.000000 4408.46 1090.1 3392.3
800000.000000 6400000.000000 -125000.000000 4424.32 1077.1 3393.2
900000.000000 6400000.000000 -125000.000000 4434.97 1068.1 3393.9
1000000.000000 6400000.000000 -125000.000000 4430.13 1072.2 3393.6
1100000.000000 6400000.000000 -125000.000000 4419.69 1081.0 3393.0
1200000.000000 6400000.000000 -125000.000000 4409.89 1089.0 3392.4
0.000000 6500000.000000 -125000.000000 4494.89 1012.2 3397.9
100000.000000 6500000.000000 -125000.000000 4498.57 1008.4 3398.1
200000.000000 6500000.000000 -125000.000000 4474.31 1032.4 3396.4
300000.000000 6500000.000000 -125000.000000 4438.35 1065.2 3394.1
400000.000000 6500000.000000 -125000.000000 4402.74 1094.7 3392.0
500000.000000 6500000.000000 -125000.000000 4389.74 1104.9 3391.3
600000.000000 6500000.000000 -125000.000000 4388.77 1105.6 3391.2
700000.000000 6500000.000000 -125000.000000 4399.87 1097.0 3391.8
800000.000000 6500000.000000 -125000.000000 4418.62 1081.8 3392.9
900000.000000 6500000.000000 -125000.000000 4433.83 1069.1 3393.8
1000000.000000 6500000.000000 -125000.000000 4432.46 1070.2 3393.7
1100000.000000 6500000.000000 -125000.000000 4424.07 1077.3 3393.2
1200000.000000 6500000.000000 -125000.000000 4417.98 1082.4 3392.9
0.000000 6600000.000000 -125000.000000 4491.94 1015.2 3397.7
100000.000000 6600000.000000 -125000.000000 4501.61 1005.3 3398.4
200000.000000 6600000.000000 -125000.000000 4486.45 1020.6 3397.3
300000.000000 6600000.000000 -125000.000000 4450.79 1054.2 3394.9
400000.000000 6600000.000000 -125000.000000 4406.09 1092.0 3392.2
500000.000000 6600000.000000 -125000.000000 4382.53 1110.4 3390.9
600000.000000 6600000.000000 -125000.000000 4381.82 1110.9 3390.8
700000.000000 6600000.000000 -125000.000000 4396.83 1099.4 3391.7
800000.000000 6600000.000000 -125000.000000 4415.53 1084.4 3392.7
900000.000000 6600000.000000 -125000.000000 4432.83 1069.9 3393.8
1000000.000000 6600000.000000 -125000.000000 4439.43 1064.2 3394.2
1100000.000000 6600000.000000 -125000.000000 4431.37 1071.2 3393.7
1200000.000000 6600000.000000 -125000.000000 4430.97 1071.5 3393.6
0.000000 6700000.000000 -125000.000000 4490.71 1016.4 3397.6
100000.000000 6700000.000000 -125000.000000 4504.31 1002.5 3398.6
200000.000000 6700000.000000 -125000.000000 4501.36 1005.5 3398.3
300000.000000 6700000.000000 -125000.000000 4466.72 1039.6 3395.9
400000.000000 6700000.000000 -125000.000000 4415.90 1084.1 3392.7
500000.000000 6700000.000000 -125000.000000 4377.03 1114.5 3390.6
600000.000000 6700000.000000 -125000.000000 4372.54 1117.9 3390.4
700000.000000 6700000.000000 -125000.000000 4391.30 1103.7 3391.4
800000.000000 6700000.000000 -125000.000000 4414.90 1084.9 3392.7
900000.000000 6700000.000000 -125000.000000 4435.72 1067.4 3393.9
1000000.000000 6700000.000000 -125000.000000 4446.10 1058.4 3394.6
1100000.000000 6700000.000000 -125000.000000 4459.27 1046.5 3395.4
1200000.000000 6700000.000000 -125000.000000 4461.67 1044.3 3395.6
0.000000 6800000.000000 -125000.000000 4491.17 1015.9 3397.6
100000.000000 6800000.000000 -125000.000000 4514.77 991.3 3399.4
200000.000000 6800000.000000 -125000.000000 4520.29 985.3 3399.8
300000.000000 6800000.000000 -125000.000000 4477.90 1029.0 3396.7
400000.000000 6800000.000000 -125000.000000 4421.24 1079.7 3393.1
500000.000000 6800000.000000 -125000.000000 4371.90 1118.4 3390.3
600000.000000 6800000.000000 -125000.000000 4364.94 1123.5 3390.0
700000.000000 6800000.000000 -125000.000000 4385.21 1108.4 3391.0
800000.000000 6800000.000000 -125000.000000 4415.77 1084.2 3392.7
900000.000000 6800000.000000 -125000.000000 4439.62 1064.1 3394.2
1000000.000000 6800000.000000 -125000.000000 4457.01 1048.6 3395.3
1100000.000000 6800000.000000 -125000.000000 4470.99 1035.6 3396.2
1200000.000000 6800000.000000 -125000.000000 4481.74 1025.3 3396.9
0.000000 6900000.000000 -125000.000000 4524.01 981.2 3400.1
100000.000000 6900000.000000 -125000.000000 4555.93 943.5 3402.8
200000.000000 6900000.000000 -125000.000000 4539.26 963.7 3401.3
300000.000000 6900000.000000 -125000.000000 4469.29 1037.2 3396.1
400000.000000 6900000.000000 -125000.000000 4397.32 1099.0 3391.7
500000.000000 6900000.000000 -125000.000000 4349.44 1134.7 3389.2
600000.000000 6900000.000000 -125000.000000 4343.08 1139.1 3388.8
700000.000000 6900000.000000 -125000.000000 4362.47 1125.3 3389.8
800000.000000 6900000.000000 -125000.000000 4399.94 1096.9 3391.8
900000.000000 6900000.000000 -125000.000000 4433.64 1069.2 3393.8
1000000.000000 6900000.000000 -125000.000000 4459.32 1046.5 3395.4
1100000.000000 6900000.000000 -125000.000000 4492.82 1014.3 3397.7
1200000.000000 6900000.000000 -125000.000000 4505.99 1000.7 3398.7
0.000000 7000000.000000 -125000.000000 4550.78 949.9 3402.3
100000.000000 7000000.000000 -125000.000000 4592.65 894.1 3406.3
200000.000000 7000000.000000 -125000.000000 4544.60 957.4 3401.8
300000.000000 7000000.000000 -125000.000000 4459.47 1046.3 3395.4
400000.000000 7000000.000000 -125000.000000 4367.16 1121.9 3390.1
500000.000000 7000000.000000 -125000.000000 4326.86 1150.3 3388.1
600000.000000 7000000.000000 -125000.000000 4312.55 1159.9 3387.4
700000.000000 7000000.000000 -125000.000000 4332.06 1146.8 3388.3
800000.000000 7000000.000000 -125000.000000 4369.29 1120.3 3390.2
900000.000000 7000000.000000 -125000.000000 4415.46 1084.4 3392.7
1000000.000000 7000000.000000 -125000.000000 4460.08 1045.8 3395.5
1100000.000000 7000000.000000 -125000.000000 4500.01 1006.9 3398.2
1200000.000000 7000000.000000 -125000.000000 4529.58 974.9 3400.5
0.000000 7100000.000000 -125000.000000 4581.62 909.7 3405.2
100000.000000 7100000.000000 -125000.000000 4603.65 877.7 3407.5
200000.000000 7100000.000000 -125000.000000 4537.46 965.8 3401.2
300000.000000 7100000.000000 -125000.000000 4452.15 1053.0 3395.0
400000.000000 7100000.000000 -125000.000000 4354.49 1131.1 3389.4
500000.000000 7100000.000000 -125000.000000 4313.29 1159.4 3387.4
600000.000000 7100000.000000 -125000.000000 4294.62 1171.5 3386.6
700000.000000 7100000.000000 -125000.000000 4313.59 1159.2 3387.4
800000.000000 7100000.000000 -125000.000000 4350.62 1133.8 3389.2
900000.000000 7100000.000000 -125000.000000 4403.35 1094.2 3392.0
1000000.000000 7100000.000000 -125000.000000 4460.43 1045.5 3395.5
1100000.000000 7100000.000000 -125000.000000 4505.70 1001.0 3398.7
1200000.000000 7100000.000000 -125000.000000 4553.50 946.5 3402.6
0.000000 7200000.000000 -125000.000000 4602.30 879.8 3407.3
100000.000000 7200000.000000 -125000.000000 4604.55 876.4 3407.6
200000.000000 7200000.000000 -125000.000000 4537.96 965.2 3401.2
300000.000000 7200000.000000 -125000.000000 4444.39 1059.9 3394.5
400000.000000 7200000.000000 -125000.000000 4346.60 1136.7 3389.0
500000.000000 7200000.000000 -125000.000000 4289.77 1174.6 3386.3
600000.000000 7200000.000000 -125000.000000 4275.28 1183.7 3385.7
700000.000000 7200000.000000 -125000.000000 4301.59 1167.0 3386.9
800000.000000 7200000.000000 -125000.000000 4341.40 1140.3 3388.8
900000.000000 7200000.000000 -125000.000000 4396.97 1099.2 3391.7
1000000.000000 7200000.000000 -125000.000000 4457.52 1048.1 3395.3
1100000.000000 7200000.000000 -125000.000000 4503.52 1003.3 3398.5
1200000.000000 7200000.000000 -125000.000000 4549.93 950.9 3402.2
0.000000 7300000.000000 -125000.000000 4623.15 846.8 3409.7
100000.000000 7300000.000000 -125000.000000 4595.15 890.4 3406.6
200000.000000 7300000.000000 -125000.000000 4540.70 962.0 3401.4
300000.000000 7300000.000000 -125000.000000 4431.83 1070.8 3393.7
400000.000000 7300000.000000 -125000.000000 4344.68 1138.0 3388.9
500000.000000 7300000.000000 -125000.000000 4265.79 1189.5 3385.3
600000.000000 7300000.000000 -125000.000000 4257.42 1194.6 3384.9
700000.000000 7300000.000000 -125000.000000 4281.57 1179.8 3386.0
800000.000000 7300000.000000 -125000.000000 4332.23 1146.6 3388.3
900000.000000 7300000.000000 -125000.000000 4384.17 1109.1 3391.0
1000000.000000 7300000.000000 -125000.000000 4446.66 1057.9 3394.6
1100000.000000 7300000.000000 -125000.000000 4502.77 1004.1 3398.4
1200000.000000 7300000.000000 -125000.000000 4542.61 959.7 3401.6
0.000000 7400000.000000 -125000.000000 4603.81 877.5 3407.5
100000.000000 7400000.000000 -125000.000000 4584.60 905.5 3405.5
200000.000000 7400000.000000 -125000.000000 4531.63 972.6 3400.7
300000.000000 7400000.000000 -125000.000000 4438.59 1065.0 3394.1
400000.000000 7400000.000000 -125000.000000 4351.43 1133.2 3389.3
500000.000000 7400000.000000 -125000.000000 4276.92 1182.7 3385.8
600000.000000 7400000.000000 -125000.000000 4263.86 1190.7 3385.2
700000.000000 7400000.000000 -125000.000000 4281.98 1179.5 3386.0
800000.000000 7400000.000000 -125000.000000 4327.84 1149.6 3388.1
900000.000000 7400000.000000 -125000.000000 4379.09 1113.0 3390.7
1000000.000000 7400000.000000 -125000.000000 4435.75 1067.4 3393.9
1100000.000000 7400000.000000 -125000.000000 4494.10 1013.0 3397.8
1200000.000000 7400000.000000 -125000.000000 4531.22 973.0 3400.7
0.000000 7500000.000000 -125000.000000 4565.84 930.8 3403.7
100000.000000 7500000.000000 -125000.000000 4566.58 929.9 3403.7
200000.000000 7500000.000000 -125000.000000 4514.16 992.0 3399.3
300000.000000 7500000.000000 -125000.000000 4451.66 1053.4 3394.9
400000.000000 7500000.000000 -125000.000000 4365.63 1123.0 3390.0
500000.000000 7500000.000000 -125000.000000 4313.91 1159.0 3387.4
600000.000000 7500000.000000 -125000.000000 4290.60 1174.1 3386.4
700000.000000 7500000.000000 -125000.000000 4303.13 1166.0 3386.9
800000.000000 7500000.000000 -125000.000000 4332.63 1146.4 3388.3
900000.000000 7500000.000000 -125000.000000 4378.82 1113.2 3390.7
1000000.000000 7500000.000000 -125000.000000 4425.40 1076.2 3393.3
1100000.000000 7500000.000000 -125000.000000 4473.02 1033.7 3396.3
1200000.000000 7500000.000000 -125000.000000 4514.96 991.1 3399.4
0.000000 7600000.000000 -125000.000000 4546.78 954.7 3402.0
100000.000000 7600000.000000 -125000.000000 4554.85 944.8 3402.7
200000.000000 7600000.000000 -125000.000000 4511.11 995.3 3399.1
300000.000000 7600000.000000 -125000.000000 4457.34 1048.3 3395.3
400000.000000 7600000.000000 -125000.000000 4392.53 1102.7 3391.4
500000.000000 7600000.000000 -125000.000000 4353.68 1131.6 3389.4
600000.000000 7600000.000000 -125000.000000 4321.04 1154.2 3387.8
700000.000000 7600000.000000 -125000.000000 4320.59 1154.5 3387.8
800000.000000 7600000.000000 -125000.000000 4342.06 1139.8 3388.8
900000.000000 7600000.000000 -125000.000000 4376.59 1114.9 3390.6
1000000.000000 7600000.000000 -125000.000000 4408.00 1090.5 3392.3
1100000.000000 7600000.000000 -125000.000000 4444.63 1059.7 3394.5
1200000.000000 7600000.000000 -125000.000000 4491.93 1015.2 3397.7
0.000000 7700000.000000 -125000.000000 4541.09 961.5 3401.5
100000.000000 7700000.000000 -125000.000000 4555.81 943.6 3402.8
200000.000000 7700000.000000 -125000.000000 4517.96 987.9 3399.6
300000.000000 7700000.000000 -125000.000000 4470.63 1035.9 3396.2
400000.000000 7700000.000000 -125000.000000 4425.93 1075.8 3393.3
500000.000000 7700000.000000 -125000.000000 4386.90 1107.1 3391.1
600000.000000 7700000.000000 -125000.000000 4354.43 1131.1 3389.4
700000.000000 7700000.000000 -125000.000000 4341.40 1140.3 3388.8
800000.000000 7700000.000000 -125000.000000 4353.99 1131.4 3389.4
900000.000000 7700000.000000 -125000.000000 4368.94 1120.6 3390.2
1000000.000000 7700000.000000 -125000.000000 4397.92 1098.5 3391.7
1100000.000000 7700000.000000 -125000.000000 4411.16 1087.9 3392.5
1200000.000000 7700000.000000 -125000.000000 4446.79 1057.8 3394.6
0.000000 7800000.000000 -125000.000000 4559.15 939.4 3403.1
100000.000000 7800000.000000 -125000.000000 4553.77 946.2 3402.6
200000.000000 7800000.000000 -125000.000000 4533.27 970.7 3400.8
300000.000000 7800000.000000 -125000.000000 4498.82 1008.2 3398.2
400000.000000 7800000.000000 -125000.000000 4479.11 1027.8 3396.7
500000.000000 7800000.000000 -125000.000000 4443.71 1060.5 3394.4
600000.000000 7800000.000000 -125000.000000 4407.63 1090.8 3392.3
700000.000000 7800000.000000 -125000.000000 4380.65 1111.8 3390.8
800000.000000 7800000.000000 -125000.000000 4367.59 1121.6 3390.1
900000.000000 7800000.000000 -125000.000000 4358.43 1128.2 3389.6
1000000.000000 7800000.000000 -125000.000000 4364.22 1124.0 3389.9
1100000.000000 7800000.000000 -125000.000000 4379.29 1112.8 3390.7
1200000.000000 7800000.000000 -125000.000000 4396.61 1099.5 3391.7
0.000000 6000000.000000 -162500.000000 4468.25 1113.5 3416.9
100000.000000 6000000.000000 -162500.000000 4461.09 1120.0 3416.5
200000.000000 6000000.000000 -162500.000000 4450.50 1129.4 3415.8
300000.000000 6000000.000000 -162500.000000 4435.05 1142.6 3414.9
400000.000000 6000000.000000 -162500.000000 4427.57 1148.9 3414.5
500000.000000 6000000.000000 -162500.000000 4424.88 1151.1 3414.4
600000.000000 6000000.000000 -162500.000000 4431.38 1145.7 3414.7
700000.000000 6000000.000000 -162500.000000 4437.18 1140.8 3415.1
800000.000000 6000000.000000 -162500.000000 4429.97 1146.9 3414.6
900000.000000 6000000.000000 -162500.000000 4419.79 1155.3 3414.1
1000000.000000 6000000.000000 -162500.000000 4407.15 1165.4 3413.4
1100000.000000 6000000.000000 -162500.000000 4396.98 1173.4 3412.8
1200000.000000 6000000.000000 -162500.000000 4390.70 1178.2 3412.5
0.000000 6100000.000000 -162500.000000 4522.35 1060.2 3420.6
100000.000000 6100000.000000 -162500.000000 4489.06 1094.0 3418.2
200000.000000 6100000.000000 -162500.000000 4466.83 1114.8 3416.8
300000.000000 6100000.000000 -162500.000000 4433.56 1143.9 3414.8
400000.000000 6100000.000000 -162500.000000 4422.23 1153.3 3414.2
500000.000000 6100000.000000 -162500.000000 4415.46 1158.8 3413.8
600000.000000 6100000.000000 -162500.000000 4417.86 1156.8 3414.0
700000.000000 6100000.000000 -162500.000000 4422.95 1152.7 3414.2
800000.000000 6100000.000000 -162500.000000 4421.30 1154.0 3414.2
900000.000000 6100000.000000 -162500.000000 4410.11 1163.1 3413.5
1000000.000000 6100000.000000 -162500.000000 4397.66 1172.8 3412.9
1100000.000000 6100000.000000 -162500.000000 4391.68 1177.5 3412.6
1200000.000000 6100000.000000 -162500.000000 4381.96 1184.8 3412.1
0.000000 6200000.000000 -162500.000000 4550.22 1029.2 3422.7
100000.000000 6200000.000000 -162500.000000 4510.12 1073.0 3419.7
200000.000000 6200000.000000 -162500.000000 4471.12 1110.9 3417.1
300000.000000 6200000.000000 -162500.000000 4436.69 1141.3 3415.0
400000.000000 6200000.000000 -162500.000000 4415.33 1158.9 3413.8
500000.000000 6200000.000000 -162500.000000 4404.35 1167.6 3413.2
600000.000000 6200000.000000 -162500.000000 4401.37 1170.0 3413.1
700000.000000 6200000.000000 -162500.000000 4406.76 1165.7 3413.4
800000.000000 6200000.000000 -162500.000000 4410.79 1162.5 3413.6
900000.000000 6200000.000000 -162500.000000 4400.22 1170.9 3413.0
1000000.000000 6200000.000000 -162500.000000 4391.34 1177.7 3412.5
1100000.000000 6200000.000000 -162500.000000 4380.67 1185.8 3412.0
1200000.000000 6200000.000000 -162500.000000 4368.13 1195.1 3411.4
0.000000 6300000.000000 -162500.000000 4542.84 1037.7 3422.1
100000.000000 6300000.000000 -162500.000000 4514.15 1068.8 3420.0
200000.000000 6300000.000000 -162500.000000 4481.43 1101.3 3417.7
300000.000000 6300000.000000 -162500.000000 4434.88 1142.8 3414.9
400000.000000 6300000.000000 -162500.000000 4407.66 1165.0 3413.4
500000.000000 6300000.000000 -162500.000000 4395.22 1174.7 3412.7
600000.000000 6300000.000000 -162500.000000 4386.97 1181.0 3412.3
700000.000000 6300000.000000 -162500.000000 4391.58 1177.5 3412.6
800000.000000 6300000.000000 -162500.000000 4398.31 1172.3 3412.9
900000.000000 6300000.000000 -162500.000000 4394.31 1175.4 3412.7
1000000.000000 6300000.000000 -162500.000000 4386.46 1181.4 3412.3
1100000.000000 6300000.000000 -162500.000000 4372.80 1191.6 3411.6
1200000.000000 6300000.000000 -162500.000000 4360.56 1200.5 3411.0
0.000000 6400000.000000 -162500.000000 4516.90 1066.0 3420.2
100000.000000 6400000.000000 -162500.000000 4520.85 1061.8 3420.4
200000.000000 6400000.000000 -162500.000000 4489.44 1093.6 3418.3
300000.000000 6400000.000000 -162500.000000 4441.78 1136.9 3415.3
400000.000000 6400000.000000 -162500.000000 4402.59 1169.0 3413.1
500000.000000 6400000.000000 -162500.000000 4383.47 1183.7 3412.1
600000.000000 6400000.000000 -162500.000000 4376.81 1188.7 3411.8
700000.000000 6400000.000000 -162500.000000 4380.86 1185.6 3412.0
800000.000000 6400000.000000 -162500.000000 4392.06 1177.2 3412.6
900000.000000 6400000.000000 -162500.000000 4396.46 1173.8 3412.8
1000000.000000 6400000.000000 -162500.000000 4387.55 1180.6 3412.3
1100000.000000 6400000.000000 -162500.000000 4372.86 1191.6 3411.6
1200000.000000 6400000.000000 -162500.000000 4361.84 1199.6 3411.1
0.000000 6500000.000000 -162500.000000 4509.77 1073.3 3419.7
100000.000000 6500000.000000 -162500.000000 4523.46 1059.0 3420.6
200000.000000 6500000.000000 -162500.000000 4497.87 1085.3 3418.8
300000.000000 6500000.000000 -162500.000000 4448.01 1131.6 3415.7
400000.000000 6500000.000000 -162500.000000 4398.28 1172.4 3412.9
500000.000000 6500000.000000 -162500.000000 4375.01 1190.0 3411.7
600000.000000 6500000.000000 -162500.000000 4368.25 1195.0 3411.4
700000.000000 6500000.000000 -162500.000000 4371.96 1192.2 3411.6
800000.000000 6500000.000000 -162500.000000 4386.75 1181.2 3412.3
900000.000000 6500000.000000 -162500.000000 4397.55 1172.9 3412.9
1000000.000000 6500000.000000 -162500.000000 4391.59 1177.5 3412.6
1100000.000000 6500000.000000 -162500.000000 4380.17 1186.2 3412.0
1200000.000000 6500000.000000 -162500.000000 4370.25 1193.5 3411.5
0.000000 6600000.000000 -162500.000000 4505.44 1077.8 3419.4
100000.000000 6600000.000000 -162500.000000 4526.81 1055.4 3420.9
200000.000000 6600000.000000 -162500.000000 4507.45 1075.7 3419.5
300000.000000 6600000.000000 -162500.000000 4463.40 1117.9 3416.6
400000.000000 6600000.000000 -162500.000000 4402.71 1168.9 3413.1
500000.000000 6600000.000000 -162500.000000 4366.57 1196.2 3411.3
600000.000000 6600000.000000 -162500.000000 4359.80 1201.1 3411.0
700000.000000 6600000.000000 -162500.000000 4368.71 1194.6 3411.4
800000.000000 6600000.000000 -162500.000000 4384.34 1183.0 3412.2
900000.000000 6600000.000000 -162500.000000 4398.22 1172.4 3412.9
1000000.000000 6600000.000000 -162500.000000 4400.47 1170.7 3413.0
1100000.000000 6600000.000000 -162500.000000 4390.18 1178.6 3412.5
1200000.000000 6600000.000000 -162500.000000 4385.22 1182.4 3412.2
0.000000 6700000.000000 -162500.000000 4505.63 1077.6 3419.4
100000.000000 6700000.000000 -162500.000000 4527.88 1054.3 3421.0
200000.000000 6700000.000000 -162500.000000 4524.46 1058.0 3420.7
300000.000000 6700000.000000 -162500.000000 4478.44 1104.1 3417.6
400000.000000 6700000.000000 -162500.000000 4413.06 1160.7 3413.7
500000.000000 6700000.000000 -162500.000000 4361.42 1199.9 3411.0
600000.000000 6700000.000000 -162500.000000 4349.83 1208.2 3410.5
700000.000000 6700000.000000 -162500.000000 4365.36 1197.1 3411.2
800000.000000 6700000.000000 -162500.000000 4384.77 1182.7 3412.2
900000.000000 6700000.000000 -162500.000000 4403.38 1168.4 3413.2
1000000.000000 6700000.000000 -162500.000000 4411.38 1162.1 3413.6
1100000.000000 6700000.000000 -162500.000000 4412.82 1160.9 3413.7
1200000.000000 6700000.000000 -162500.000000 4420.41 1154.8 3414.1
0.000000 6800000.000000 -162500.000000 4505.37 1077.8 3419.3
100000.000000 6800000.000000 -162500.000000 4539.65 1041.3 3421.8
200000.000000 6800000.000000 -162500.000000 4544.95 1035.3 3422.3
300000.000000 6800000.000000 -162500.000000 4491.40 1091.7 3418.4
400000.000000 6800000.000000 -162500.000000 4421.41 1154.0 3414.2
500000.000000 6800000.000000 -162500.000000 4356.50 1203.4 3410.8
600000.000000 6800000.000000 -162500.000000 4340.93 1214.4 3410.1
700000.000000 6800000.000000 -162500.000000 4359.55 1201.3 3410.9
800000.000000 6800000.000000 -162500.000000 4387.20 1180.9 3412.3
900000.000000 6800000.000000 -162500.000000 4409.40 1163.6 3413.5
1000000.000000 6800000.000000 -162500.000000 4424.61 1151.3 3414.3
1100000.000000 6800000.000000 -162500.000000 4435.31 1142.4 3414.9
1200000.000000 6800000.000000 -162500.000000 4445.39 1133.8 3415.5
0.000000 6900000.000000 -162500.000000 4561.63 1015.7 3423.6
100000.000000 6900000.000000 -162500.000000 4605.94 957.5 3427.6
200000.000000 6900000.000000 -162500.000000 4589.79 979.8 3426.1
300000.000000 6900000.000000 -162500.000000 4505.75 1077.4 3419.4
400000.000000 6900000.000000 -162500.000000 4414.06 1159.9 3413.8
500000.000000 6900000.000000 -162500.000000 4350.36 1207.8 3410.5
600000.000000 6900000.000000 -162500.000000 4329.15 1222.5 3409.5
700000.000000 6900000.000000 -162500.000000 4343.54 1212.6 3410.2
800000.000000 6900000.000000 -162500.000000 4377.15 1188.4 3411.8
900000.000000 6900000.000000 -162500.000000 4407.01 1165.5 3413.4
1000000.000000 6900000.000000 -162500.000000 4430.22 1146.7 3414.7
1100000.000000 6900000.000000 -162500.000000 4459.19 1121.7 3416.4
1200000.000000 6900000.000000 -162500.000000 4470.09 1111.8 3417.0
0.000000 7000000.000000 -162500.000000 4608.33 954.1 3427.8
100000.000000 7000000.000000 -162500.000000 4672.83 847.2 3435.2
200000.000000 7000000.000000 -162500.000000 4623.36 931.7 3429.4
300000.000000 7000000.000000 -162500.000000 4523.47 1059.0 3420.6
400000.000000 7000000.000000 -162500.000000 4408.29 1164.5 3413.4
500000.000000 7000000.000000 -162500.000000 4347.87 1209.6 3410.4
600000.000000 7000000.000000 -162500.000000 4316.38 1231.0 3408.9
700000.000000 7000000.000000 -162500.000000 4324.17 1225.8 3409.3
800000.000000 7000000.000000 -162500.000000 4356.87 1203.2 3410.8
900000.000000 7000000.000000 -162500.000000 4396.94 1173.4 3412.8
1000000.000000 7000000.000000 -162500.000000 4436.29 1141.6 3415.0
1100000.000000 7000000.000000 -162500.000000 4469.99 1111.9 3417.0
1200000.000000 7000000.000000 -162500.000000 4494.27 1088.9 3418.6
0.000000 7100000.000000 -162500.000000 4658.68 873.3 3433.4
100000.000000 7100000.000000 -162500.000000 4704.65 782.0 3439.8
200000.000000 7100000.000000 -162500.000000 4636.50 911.0 3430.8
300000.000000 7100000.000000 -162500.000000 4534.56 1047.0 3421.5
400000.000000 7100000.000000 -162500.000000 4408.63 1164.2 3413.5
500000.000000 7100000.000000 -162500.000000 4343.24 1212.8 3410.2
600000.000000 7100000.000000 -162500.000000 4306.61 1237.5 3408.5
700000.000000 7100000.000000 -162500.000000 4310.67 1234.8 3408.7
800000.000000 7100000.000000 -162500.000000 4342.78 1213.1 3410.1
900000.000000 7100000.000000 -162500.000000 4389.32 1179.3 3412.4
1000000.000000 7100000.000000 -162500.000000 4438.77 1139.5 3415.1
1100000.000000 7100000.000000 -162500.000000 4479.51 1103.1 3417.6
1200000.000000 7100000.000000 -162500.000000 4520.65 1062.0 3420.4
0.000000 7200000.000000 -162500.000000 4700.64 790.7 3439.2
100000.000000 7200000.000000 -162500.000000 4721.15 744.5 3442.4
200000.000000 7200000.000000 -162500.000000 4653.04 883.2 3432.7
300000.000000 7200000.000000 -162500.000000 4541.89 1038.8 3422.0
400000.000000 7200000.000000 -162500.000000 4416.42 1158.0 3413.9
500000.000000 7200000.000000 -162500.000000 4330.42 1221.6 3409.6
600000.000000 7200000.000000 -162500.000000 4293.82 1245.7 3407.9
700000.000000 7200000.000000 -162500.000000 4300.10 1241.7 3408.2
800000.000000 7200000.000000 -162500.000000 4330.87 1221.3 3409.6
900000.000000 7200000.000000 -162500.000000 4378.42 1187.5 3411.9
1000000.000000 7200000.000000 -162500.000000 4431.40 1145.7 3414.7
1100000.000000 7200000.000000 -162500.000000 4472.60 1109.5 3417.2
1200000.000000 7200000.000000 -162500.000000 4515.45 1067.5 3420.1
0.000000 7300000.000000 -162500.000000 4735.76 709.1 3444.8
100000.000000 7300000.000000 -162500.000000 4720.94 745.0 3442.3
200000.000000 7300000.000000 -162500.000000 4673.22 846.4 3435.3
300000.000000 7300000.000000 -162500.000000 4546.47 1033.5 3422.4
400000.000000 7300000.000000 -162500.000000 4431.22 1145.9 3414.7
500000.000000 7300000.000000 -162500.000000 4319.01 1229.3 3409.0
600000.000000 7300000.000000 -162500.000000 4282.21 1253.1 3407.4
700000.000000 7300000.000000 -162500.000000 4285.59 1250.9 3407.6
800000.000000 7300000.000000 -162500.000000 4317.62 1230.2 3409.0
900000.000000 7300000.000000 -162500.000000 4360.94 1200.3 3411.0
1000000.000000 7300000.000000 -162500.000000 4415.77 1158.5 3413.8
1100000.000000 7300000.000000 -162500.000000 4465.35 1116.2 3416.7
1200000.000000 7300000.000000 -162500.000000 4503.65 1079.6 3419.2
0.000000 7400000.000000 -162500.000000 4713.19 762.9 3441.1
100000.000000 7400000.000000 -162500.000000 4711.83 766.0 3440.9
200000.000000 7400000.000000 -162500.000000 4663.49 864.6 3434.0
300000.000000 7400000.000000 -162500.000000 4554.33 1024.4 3423.0
400000.000000 7400000.000000 -162500.000000 4441.10 1137.5 3415.3
500000.000000 7400000.000000 -162500.000000 4333.22 1219.7 3409.7
600000.000000 7400000.000000 -162500.000000 4289.87 1248.2 3407.8
700000.000000 7400000.000000 -162500.000000 4286.68 1250.3 3407.6
800000.000000 7400000.000000 -162500.000000 4308.39 1236.3 3408.6
900000.000000 7400000.000000 -162500.000000 4348.76 1208.9 3410.4
1000000.000000 7400000.000000 -162500.000000 4396.70 1173.6 3412.8
1100000.000000 7400000.000000 -162500.000000 4451.00 1128.9 3415.9
1200000.000000 7400000.000000 -162500.000000 4485.54 1097.3 3418.0
0.000000 7500000.000000 -162500.000000 4667.65 856.9 3434.6
100000.000000 7500000.000000 -162500.000000 4688.09 817.1 3437.3
200000.000000 7500000.000000 -162500.000000 4636.33 911.3 3430.8
300000.000000 7500000.000000 -162500.000000 4561.96 1015.3 3423.6
400000.000000 7500000.000000 -162500.000000 4449.35 1130.4 3415.8
500000.000000 7500000.000000 -162500.000000 4369.44 1194.1 3411.4
600000.000000 7500000.000000 -162500.000000 4317.70 1230.2 3409.0
700000.000000 7500000.000000 -162500.000000 4302.38 1240.2 3408.3
800000.000000 7500000.000000 -162500.000000 4311.83 1234.1 3408.7
900000.000000 7500000.000000 -162500.000000 4342.24 1213.5 3410.1
1000000.000000 7500000.000000 -162500.000000 4377.00 1188.5 3411.8
1100000.000000 7500000.000000 -162500.000000 4419.64 1155.4 3414.1
1200000.000000 7500000.000000 -162500.000000 4460.21 1120.8 3416.4
0.000000 7600000.000000 -162500.000000 4647.71 892.4 3432.1
100000.000000 7600000.000000 -162500.000000 4672.47 847.9 3435.2
200000.000000 7600000.000000 -162500.000000 4623.96 930.8 3429.4
300000.000000 7600000.000000 -162500.000000 4559.67 1018.0 3423.4
400000.000000 7600000.000000 -162500.000000 4469.74 1112.1 3417.0
500000.000000 7600000.000000 -162500.000000 4403.84 1168.0 3413.2
600000.000000 7600000.000000 -162500.000000 4344.07 1212.2 3410.2
700000.000000 7600000.000000 -162500.000000 4315.22 1231.8 3408.9
800000.000000 7600000.000000 -162500.000000 4317.55 1230.3 3409.0
900000.000000 7600000.000000 -162500.000000 4332.79 1220.0 3409.7
1000000.000000 7600000.000000 -162500.000000 4354.31 1205.0 3410.7
1100000.000000 7600000.000000 -162500.000000 4383.34 1183.8 3412.1
1200000.000000 7600000.000000 -162500.000000 4428.12 1148.4 3414.5
0.000000 7700000.000000 -162500.000000 4650.79 887.1 3432.5
100000.000000 7700000.000000 -162500.000000 4661.12 868.9 3433.7
200000.000000 7700000.000000 -162500.000000 4615.79 943.1 3428.6
300000.000000 7700000.000000 -162500.000000 4556.29 1022.1 3423.2
400000.000000 7700000.000000 -162500.000000 4493.59 1089.6 3418.5
500000.000000 7700000.000000 -162500.000000 4432.38 1144.9 3414.8
600000.000000 7700000.000000 -162500.000000 4374.35 1190.5 3411.7
700000.000000 7700000.000000 -162500.000000 4336.35 1217.6 3409.8
800000.000000 7700000.000000 -162500.000000 4329.26 1222.4 3409.5
900000.000000 7700000.000000 -162500.000000 4325.75 1224.8 3409.4
1000000.000000 7700000.000000 -162500.000000 4338.28 1216.2 3409.9
1100000.000000 7700000.000000 -162500.000000 4347.62 1209.7 3410.4
1200000.000000 7700000.000000 -162500.000000 4377.76 1188.0 3411.8
0.000000 7800000.000000 -162500.000000 4653.35 882.7 3432.8
100000.000000 7800000.000000 -162500.000000 4639.86 905.5 3431.2
200000.000000 7800000.000000 -162500.000000 4605.64 957.9 3427.6
300000.000000 7800000.000000 -162500.000000 4554.15 1024.6 3423.0
400000.000000 7800000.000000 -162500.000000 4523.20 1059.3 3420.6
500000.000000 7800000.000000 -162500.000000 4470.12 1111.8 3417.0
600000.000000 7800000.000000 -162500.000000 4414.16 1159.8 3413.8
700000.000000 7800000.000000 -162500.000000 4371.34 1192.7 3411.5
800000.000000 7800000.000000 -162500.000000 4340.80 1214.5 3410.0
900000.000000 7800000.000000 -162500.000000 4322.01 1227.3 3409.2
1000000.000000 7800000.000000 -162500.000000 4317.84 1230.1 3409.0
1100000.000000 7800000.000000 -162500.000000 4329.08 1222.5 3409.5
1200000.000000 7800000.000000 -162500.000000 4340.69 1214.6 3410.0
0.000000 6000000.000000 -200000.000000 4522.13 1137.2 3439.1
100000.000000 6000000.000000 -200000.000000 4510.99 1148.4 3438.4
200000.000000 6000000.000000 -200000.000000 4499.45 1159.7 3437.7
300000.000000 6000000.000000 -200000.000000 4476.46 1181.3 3436.2
400000.000000 6000000.000000 -200000.000000 4463.18 1193.2 3435.5
500000.000000 6000000.000000 -200000.000000 4451.36 1203.4 3434.8
600000.000000 6000000.000000 -200000.000000 4453.84 1201.3 3434.9
700000.000000 6000000.000000 -200000.000000 4455.11 1200.2 3435.0
800000.000000 6000000.000000 -200000.000000 4443.56 1210.1 3434.3
900000.000000 6000000.000000 -200000.000000 4426.68 1224.0 3433.4
1000000.000000 6000000.000000 -200000.000000 4411.15 1236.5 3432.6
1100000.000000 6000000.000000 -200000.000000 4404.71 1241.5 3432.3
1200000.000000 6000000.000000 -200000.000000 4401.82 1243.7 3432.1
0.000000 6100000.000000 -200000.000000 4570.70 1083.7 3442.7
100000.000000 6100000.000000 -200000.000000 4536.55 1122.1 3440.1
200000.000000 6100000.000000 -200000.000000 4497.77 1161.4 3437.5
300000.000000 6100000.000000 -200000.000000 4462.96 1193.4 3435.4
400000.000000 6100000.000000 -200000.000000 4456.72 1198.8 3435.1
500000.000000 6100000.000000 -200000.000000 4443.23 1210.4 3434.3
600000.000000 6100000.000000 -200000.000000 4441.92 1211.5 3434.3
700000.000000 6100000.000000 -200000.000000 4430.98 1220.5 3433.7
800000.000000 6100000.000000 -200000.000000 4425.40 1225.1 3433.4
900000.000000 6100000.000000 -200000.000000 4423.94 1226.3 3433.3
1000000.000000 6100000.000000 -200000.000000 4407.70 1239.2 3432.4
1100000.000000 6100000.000000 -200000.000000 4396.96 1247.5 3431.9
1200000.000000 6100000.000000 -200000.000000 4390.44 1252.4 3431.6
0.000000 6200000.000000 -200000.000000 4592.29 1057.1 3444.4
100000.000000 6200000.000000 -200000.000000 4549.90 1107.6 3441.1
200000.000000 6200000.000000 -200000.000000 4511.29 1148.1 3438.4
300000.000000 6200000.000000 -200000.000000 4470.95 1186.3 3435.9
400000.000000 6200000.000000 -200000.000000 4441.34 1211.9 3434.2
500000.000000 6200000.000000 -200000.000000 4424.02 1226.2 3433.3
600000.000000 6200000.000000 -200000.000000 4417.00 1231.8 3432.9
700000.000000 6200000.000000 -200000.000000 4423.07 1227.0 3433.2
800000.000000 6200000.000000 -200000.000000 4425.04 1225.4 3433.3
900000.000000 6200000.000000 -200000.000000 4415.76 1232.8 3432.9
1000000.000000 6200000.000000 -200000.000000 4405.10 1241.2 3432.3
1100000.000000 6200000.000000 -200000.000000 4393.34 1250.2 3431.7
1200000.000000 6200000.000000 -200000.000000 4379.39 1260.7 3431.0
0.000000 6300000.000000 -200000.000000 4580.96 1071.3 3443.5
100000.000000 6300000.000000 -200000.000000 4550.67 1106.7 3441.2
200000.000000 6300000.000000 -200000.000000 4514.03 1145.4 3438.6
300000.000000 6300000.000000 -200000.000000 4462.13 1194.1 3435.4
400000.000000 6300000.000000 -200000.000000 4427.75 1223.2 3433.5
500000.000000 6300000.000000 -200000.000000 4410.60 1236.9 3432.6
600000.000000 6300000.000000 -200000.000000 4397.33 1247.2 3431.9
700000.000000 6300000.000000 -200000.000000 4403.00 1242.8 3432.2
800000.000000 6300000.000000 -200000.000000 4410.49 1237.0 3432.6
900000.000000 6300000.000000 -200000.000000 4405.11 1241.2 3432.3
1000000.000000 6300000.000000 -200000.000000 4396.54 1247.8 3431.9
1100000.000000 6300000.000000 -200000.000000 4385.54 1256.1 3431.3
1200000.000000 6300000.000000 -200000.000000 4375.15 1263.8 3430.8
0.000000 6400000.000000 -200000.000000 4549.91 1107.6 3441.1
100000.000000 6400000.000000 -200000.000000 4554.16 1102.8 3441.4
200000.000000 6400000.000000 -200000.000000 4518.05 1141.4 3438.9
300000.000000 6400000.000000 -200000.000000 4465.18 1191.4 3435.6
400000.000000 6400000.000000 -200000.000000 4419.90 1229.5 3433.1
500000.000000 6400000.000000 -200000.000000 4395.44 1248.6 3431.8
600000.000000 6400000.000000 -200000.000000 4386.15 1255.6 3431.4
700000.000000 6400000.000000 -200000.000000 4390.08 1252.7 3431.6
800000.000000 6400000.000000 -200000.000000 4401.59 1243.9 3432.1
900000.000000 6400000.000000 -200000.000000 4405.06 1241.2 3432.3
1000000.000000 6400000.000000 -200000.000000 4395.05 1248.9 3431.8
1100000.000000 6400000.000000 -200000.000000 4379.77 1260.4 3431.1
1200000.000000 6400000.000000 -200000.000000 4370.91 1266.9 3430.6
0.000000 6500000.000000 -200000.000000 4541.55 1116.7 3440.5
100000.000000 6500000.000000 -200000.000000 4556.22 1100.5 3441.6
200000.000000 6500000.000000 -200000.000000 4525.99 1133.2 3439.4
300000.000000 6500000.000000 -200000.000000 4473.69 1183.8 3436.1
400000.000000 6500000.000000 -200000.000000 4418.52 1230.6 3433.0
500000.000000 6500000.000000 -200000.000000 4391.74 1251.4 3431.6
600000.000000 6500000.000000 -200000.000000 4383.27 1257.8 3431.2
700000.000000 6500000.000000 -200000.000000 4384.65 1256.8 3431.3
800000.000000 6500000.000000 -200000.000000 4397.58 1247.0 3431.9
900000.000000 6500000.000000 -200000.000000 4407.14 1239.6 3432.4
1000000.000000 6500000.000000 -200000.000000 4400.91 1244.4 3432.1
1100000.000000 6500000.000000 -200000.000000 4389.33 1253.3 3431.5
1200000.000000 6500000.000000 -200000.000000 4377.85 1261.8 3431.0
0.000000 6600000.000000 -200000.000000 4537.45 1121.1 3440.2
100000.000000 6600000.000000 -200000.000000 4557.89 1098.6 3441.7
200000.000000 6600000.000000 -200000.000000 4537.57 1121.0 3440.2
300000.000000 6600000.000000 -200000.000000 4487.79 1170.8 3436.9
400000.000000 6600000.000000 -200000.000000 4423.66 1226.5 3433.3
500000.000000 6600000.000000 -200000.000000 4385.44 1256.2 3431.3
600000.000000 6600000.000000 -200000.000000 4377.09 1262.4 3430.9
700000.000000 6600000.000000 -200000.000000 4382.81 1258.1 3431.2
800000.000000 6600000.000000 -200000.000000 4397.24 1247.2 3431.9
900000.000000 6600000.000000 -200000.000000 4411.52 1236.2 3432.6
1000000.000000 6600000.000000 -200000.000000 4413.59 1234.5 3432.7
1100000.000000 6600000.000000 -200000.000000 4402.52 1243.2 3432.2
1200000.000000 6600000.000000 -200000.000000 4397.66 1246.9 3431.9
0.000000 6700000.000000 -200000.000000 4533.06 1125.8 3439.9
100000.000000 6700000.000000 -200000.000000 4555.21 1101.6 3441.5
200000.000000 6700000.000000 -200000.000000 4550.28 1107.1 3441.1
300000.000000 6700000.000000 -200000.000000 4500.71 1158.5 3437.7
400000.000000 6700000.000000 -200000.000000 4429.74 1221.5 3433.6
500000.000000 6700000.000000 -200000.000000 4373.78 1264.8 3430.8
600000.000000 6700000.000000 -200000.000000 4360.05 1274.7 3430.1
700000.000000 6700000.000000 -200000.000000 4375.24 1263.7 3430.8
800000.000000 6700000.000000 -200000.000000 4396.48 1247.8 3431.9
900000.000000 6700000.000000 -200000.000000 4415.75 1232.8 3432.9
1000000.000000 6700000.000000 -200000.000000 4423.82 1226.4 3433.3
1100000.000000 6700000.000000 -200000.000000 4415.89 1232.7 3432.9
1200000.000000 6700000.000000 -200000.000000 4432.68 1219.1 3433.8
0.000000 6800000.000000 -200000.000000 4528.83 1130.3 3439.6
100000.000000 6800000.000000 -200000.000000 4561.37 1094.6 3442.0
200000.000000 6800000.000000 -200000.000000 4566.00 1089.2 3442.3
300000.000000 6800000.000000 -200000.000000 4509.84 1149.6 3438.3
400000.000000 6800000.000000 -200000.000000 4436.26 1216.2 3433.9
500000.000000 6800000.000000 -200000.000000 4366.27 1270.2 3430.4
600000.000000 6800000.000000 -200000.000000 4347.54 1283.5 3429.5
700000.000000 6800000.000000 -200000.000000 4365.03 1271.1 3430.4
800000.000000 6800000.000000 -200000.000000 4391.48 1251.6 3431.6
900000.000000 6800000.000000 -200000.000000 4414.82 1233.6 3432.8
1000000.000000 6800000.000000 -200000.000000 4433.44 1218.5 3433.8
1100000.000000 6800000.000000 -200000.000000 4446.75 1207.4 3434.5
1200000.000000 6800000.000000 -200000.000000 4454.34 1200.9 3435.0
0.000000 6900000.000000 -200000.000000 4586.58 1064.3 3444.0
100000.000000 6900000.000000 -200000.000000 4633.80 1000.0 3448.2
200000.000000 6900000.000000 -200000.000000 4620.62 1019.1 3447.0
300000.000000 6900000.000000 -200000.000000 4536.71 1121.9 3440.1
400000.000000 6900000.000000 -200000.000000 4440.93 1212.3 3434.2
500000.000000 6900000.000000 -200000.000000 4373.32 1265.1 3430.7
600000.000000 6900000.000000 -200000.000000 4345.97 1284.6 3429.5
700000.000000 6900000.000000 -200000.000000 4357.01 1276.9 3430.0
800000.000000 6900000.000000 -200000.000000 4386.46 1255.4 3431.4
900000.000000 6900000.000000 -200000.000000 4412.51 1235.4 3432.7
1000000.000000 6900000.000000 -200000.000000 4433.87 1218.2 3433.8
1100000.000000 6900000.000000 -200000.000000 4459.49 1196.4 3435.2
1200000.000000 6900000.000000 -200000.000000 4471.14 1186.1 3435.9
0.000000 7000000.000000 -200000.000000 4640.90 989.3 3448.9
100000.000000 7000000.000000 -200000.000000 4712.50 861.7 3457.5
200000.000000 7000000.000000 -200000.000000 4668.62 944.5 3451.9
300000.000000 7000000.000000 -200000.000000 4571.86 1082.3 3442.8
400000.000000 7000000.000000 -200000.000000 4456.35 1199.1 3435.1
500000.000000 7000000.000000 -200000.000000 4392.37 1251.0 3431.7
600000.000000 7000000.000000 -200000.000000 4355.13 1278.2 3429.9
700000.000000 7000000.000000 -200000.000000 4355.07 1278.2 3429.9
800000.000000 7000000.000000 -200000.000000 4380.79 1259.6 3431.1
900000.000000 7000000.000000 -200000.000000 4412.04 1235.8 3432.7
1000000.000000 7000000.000000 -200000.000000 4443.16 1210.4 3434.3
1100000.000000 7000000.000000 -200000.000000 4468.67 1188.3 3435.8
1200000.000000 7000000.000000 -200000.000000 4486.65 1171.9 3436.9
0.000000 7100000.000000 -200000.000000 4701.59 883.8 3456.0
100000.000000 7100000.000000 -200000.000000 4753.90 768.1 3463.8
200000.000000 7100000.000000 -200000.000000 4691.36 903.5 3454.7
300000.000000 7100000.000000 -200000.000000 4592.79 1056.5 3444.5
400000.000000 7100000.000000 -200000.000000 4465.61 1191.0 3435.6
500000.000000 7100000.000000 -200000.000000 4397.65 1246.9 3431.9
600000.000000 7100000.000000 -200000.000000 4356.48 1277.2 3430.0
700000.000000 7100000.000000 -200000.000000 4351.40 1280.8 3429.7
800000.000000 7100000.000000 -200000.000000 4378.07 1261.6 3431.0
900000.000000 7100000.000000 -200000.000000 4416.16 1232.5 3432.9
1000000.000000 7100000.000000 -200000.000000 4453.63 1201.5 3434.9
1100000.000000 7100000.000000 -200000.000000 4482.13 1176.1 3436.6
1200000.000000 7100000.000000 -200000.000000 4510.13 1149.3 3438.3
0.000000 7200000.000000 -200000.000000 4745.88 787.5 3462.5
100000.000000 7200000.000000 -200000.000000 4774.78 715.0 3467.4
200000.000000 7200000.000000 -200000.000000 4711.21 864.4 3457.3
300000.000000 7200000.000000 -200000.000000 4603.54 1042.5 3445.4
400000.000000 7200000.000000 -200000.000000 4476.81 1181.0 3436.3
500000.000000 7200000.000000 -200000.000000 4385.36 1256.2 3431.3
600000.000000 7200000.000000 -200000.000000 4344.06 1286.0 3429.4
700000.000000 7200000.000000 -200000.000000 4342.22 1287.2 3429.3
800000.000000 7200000.000000 -200000.000000 4367.07 1269.7 3430.5
900000.000000 7200000.000000 -200000.000000 4406.50 1240.1 3432.4
1000000.000000 7200000.000000 -200000.000000 4448.79 1205.6 3434.6
1100000.000000 7200000.000000 -200000.000000 4478.62 1179.3 3436.4
1200000.000000 7200000.000000 -200000.000000 4510.15 1149.3 3438.3
0.000000 7300000.000000 -200000.000000 4792.73 666.6 3470.7
100000.000000 7300000.000000 -200000.000000 4781.75 696.5 3468.6
200000.000000 7300000.000000 -200000.000000 4739.54 802.3 3461.5
300000.000000 7300000.000000 -200000.000000 4613.83 1028.6 3446.3
400000.000000 7300000.000000 -200000.000000 4494.43 1164.5 3437.3
500000.000000 7300000.000000 -200000.000000 4376.02 1263.2 3430.9
600000.000000 7300000.000000 -200000.000000 4330.06 1295.5 3428.8
700000.000000 7300000.000000 -200000.000000 4324.83 1299.1 3428.5
800000.000000 7300000.000000 -200000.000000 4345.47 1285.0 3429.5
900000.000000 7300000.000000 -200000.000000 4380.17 1260.1 3431.1
1000000.000000 7300000.000000 -200000.000000 4425.61 1224.9 3433.4
1100000.000000 7300000.000000 -200000.000000 4468.30 1188.6 3435.8
1200000.000000 7300000.000000 -200000.000000 4499.83 1159.4 3437.7
0.000000 7400000.000000 -200000.000000 4768.33 731.8 3466.2
100000.000000 7400000.000000 -200000.000000 4769.13 729.7 3466.4
200000.000000 7400000.000000 -200000.000000 4724.66 835.8 3459.2
300000.000000 7400000.000000 -200000.000000 4615.75 1025.9 3446.5
400000.000000 7400000.000000 -200000.000000 4499.69 1159.5 3437.7
500000.000000 7400000.000000 -200000.000000 4385.75 1255.9 3431.3
600000.000000 7400000.000000 -200000.000000 4334.34 1292.6 3429.0
700000.000000 7400000.000000 -200000.000000 4323.21 1300.2 3428.5
800000.000000 7400000.000000 -200000.000000 4332.53 1293.9 3428.9
900000.000000 7400000.000000 -200000.000000 4363.00 1272.6 3430.3
1000000.000000 7400000.000000 -200000.000000 4400.94 1244.4 3432.1
1100000.000000 7400000.000000 -200000.000000 4445.38 1208.5 3434.5
1200000.000000 7400000.000000 -200000.000000 4477.33 1180.5 3436.3
0.000000 7500000.000000 -200000.000000 4719.71 846.5 3458.5
100000.000000 7500000.000000 -200000.000000 4739.86 801.6 3461.5
200000.000000 7500000.000000 -200000.000000 4689.07 907.9 3454.4
300000.000000 7500000.000000 -200000.000000 4614.28 1028.0 3446.4
400000.000000 7500000.000000 -200000.000000 4499.31 1159.9 3437.6
500000.000000 7500000.000000 -200000.000000 4414.22 1234.0 3432.8
600000.000000 7500000.000000 -200000.000000 4357.11 1276.8 3430.0
700000.000000 7500000.000000 -200000.000000 4332.78 1293.7 3428.9
800000.000000 7500000.000000 -200000.000000 4333.92 1292.9 3428.9
900000.000000 7500000.000000 -200000.000000 4354.33 1278.8 3429.9
1000000.000000 7500000.000000 -200000.000000 4382.17 1258.6 3431.2
1100000.000000 7500000.000000 -200000.000000 4417.59 1231.4 3433.0
1200000.000000 7500000.000000 -200000.000000 4451.39 1203.4 3434.8
0.000000 7600000.000000 -200000.000000 4700.13 886.7 3455.8
100000.000000 7600000.000000 -200000.000000 4717.29 851.7 3458.2
200000.000000 7600000.000000 -200000.000000 4663.39 953.3 3451.3
300000.000000 7600000.000000 -200000.000000 4599.79 1047.5 3445.1
400000.000000 7600000.000000 -200000.000000 4512.18 1147.3 3438.5
500000.000000 7600000.000000 -200000.000000 4444.23 1209.5 3434.4
600000.000000 7600000.000000 -200000.000000 4380.98 1259.5 3431.1
700000.000000 7600000.000000 -200000.000000 4345.15 1285.2 3429.4
800000.000000 7600000.000000 -200000.000000 4341.61 1287.6 3429.3
900000.000000 7600000.000000 -200000.000000 4348.16 1283.1 3429.6
1000000.000000 7600000.000000 -200000.000000 4365.12 1271.1 3430.4
1100000.000000 7600000.000000 -200000.000000 4387.42 1254.7 3431.4
1200000.000000 7600000.000000 -200000.000000 4421.85 1227.9 3433.2
0.000000 7700000.000000 -200000.000000 4695.46 895.7 3455.2
100000.000000 7700000.000000 -200000.000000 4702.24 882.5 3456.1
200000.000000 7700000.000000 -200000.000000 4647.11 979.7 3449.6
300000.000000 7700000.000000 -200000.000000 4585.08 1066.2 3443.8
400000.000000 7700000.000000 -200000.000000 4520.59 1138.8 3439.0
500000.000000 7700000.000000 -200000.000000 4458.78 1197.0 3435.2
600000.000000 7700000.000000 -200000.000000 4397.40 1247.1 3431.9
700000.000000 7700000.000000 -200000.000000 4356.82 1277.0 3430.0
800000.000000 7700000.000000 -200000.000000 4347.23 1283.7 3429.5
900000.000000 7700000.000000 -200000.000000 4341.29 1287.9 3429.3
1000000.000000 7700000.000000 -200000.000000 4335.55 1291.8 3429.0
1100000.000000 7700000.000000 -200000.000000 4347.16 1283.8 3429.5
1200000.000000 7700000.000000 -200000.000000 4367.80 1269.1 3430.5
0.000000 7800000.000000 -200000.000000 4701.15 884.6 3455.9
100000.000000 7800000.000000 -200000.000000 4672.10 938.5 3452.3
200000.000000 7800000.000000 -200000.000000 4621.81 1017.4 3447.1
300000.000000 7800000.000000 -200000.000000 4561.47 1094.5 3442.0
400000.000000 7800000.000000 -200000.000000 4529.88 1129.2 3439.7
500000.000000 7800000.000000 -200000.000000 4476.79 1181.0 3436.3
600000.000000 7800000.000000 -200000.000000 4419.01 1230.2 3433.0
700000.000000 7800000.000000 -200000.000000 4376.89 1262.5 3430.9
800000.000000 7800000.000000 -200000.000000 4347.67 1283.4 3429.6
900000.000000 7800000.000000 -200000.000000 4333.04 1293.5 3428.9
1000000.000000 7800000.000000 -200000.000000 4329.93 1295.6 3428.8
1100000.000000 7800000.000000 -200000.000000 4338.00 1290.1 3429.1
1200000.000000 7800000.000000 -200000.000000 4352.14 1280.3 3429.8
