# Shear wave velocity distribution from Schaeffer and Lebedev (2013)
# Columns
# 0 - X / m
# 1 - Y / m
# 2 - Z / m
# 3 - Vs / m/s
0 6000000 -50000 4287.64599609375
100000 6000000 -50000 4268.30859375
200000 6000000 -50000 4199.974609375
300000 6000000 -50000 4211.4189453125
400000 6000000 -50000 4255.6240234375
500000 6000000 -50000 4321.21533203125
600000 6000000 -50000 4351.6669921875
700000 6000000 -50000 4393.2109375
800000 6000000 -50000 4446.59228515625
900000 6000000 -50000 4511.31787109375
1000000 6000000 -50000 4540.587890625
1100000 6000000 -50000 4530.66162109375
1200000 6000000 -50000 4520.57080078125
0 6100000 -50000 4214.73779296875
100000 6100000 -50000 4197.869140625
200000 6100000 -50000 4274.22705078125
300000 6100000 -50000 4166.95458984375
400000 6100000 -50000 4226.3408203125
500000 6100000 -50000 4286.77392578125
600000 6100000 -50000 4325.9619140625
700000 6100000 -50000 4355.1171875
800000 6100000 -50000 4503.68505859375
900000 6100000 -50000 4424.87744140625
1000000 6100000 -50000 4474.83740234375
1100000 6100000 -50000 4516.49462890625
1200000 6100000 -50000 4520.07421875
0 6200000 -50000 4194.14453125
100000 6200000 -50000 4189.0556640625
200000 6200000 -50000 4173.36376953125
300000 6200000 -50000 4165.318359375
400000 6200000 -50000 4242.552734375
500000 6200000 -50000 4304.4609375
600000 6200000 -50000 4342.3759765625
700000 6200000 -50000 4341.0419921875
800000 6200000 -50000 4377.5009765625
900000 6200000 -50000 4392.4951171875
1000000 6200000 -50000 4425.61962890625
1100000 6200000 -50000 4438.83447265625
1200000 6200000 -50000 4480.44775390625
0 6300000 -50000 4259.08837890625
100000 6300000 -50000 4233.9287109375
200000 6300000 -50000 4192.34423828125
300000 6300000 -50000 4207.68896484375
400000 6300000 -50000 4271.84716796875
500000 6300000 -50000 4316.30078125
600000 6300000 -50000 4362.11376953125
700000 6300000 -50000 4358.25732421875
800000 6300000 -50000 4359.28857421875
900000 6300000 -50000 4391.1533203125
1000000 6300000 -50000 4419.0302734375
1100000 6300000 -50000 4431.2255859375
1200000 6300000 -50000 4452.80615234375
0 6400000 -50000 4370.8837890625
100000 6400000 -50000 4288.5302734375
200000 6400000 -50000 4222.2998046875
300000 6400000 -50000 4240.77978515625
400000 6400000 -50000 4277.57470703125
500000 6400000 -50000 4315.64794921875
600000 6400000 -50000 4337.96728515625
700000 6400000 -50000 4348.599609375
800000 6400000 -50000 4350.94970703125
900000 6400000 -50000 4385.7861328125
1000000 6400000 -50000 4422.326171875
1100000 6400000 -50000 4469.91943359375
1200000 6400000 -50000 4473.78564453125
0 6500000 -50000 4354.11328125
100000 6500000 -50000 4263.51025390625
200000 6500000 -50000 4224.18310546875
300000 6500000 -50000 4224.09814453125
400000 6500000 -50000 4232.30126953125
500000 6500000 -50000 4250.6962890625
600000 6500000 -50000 4263.43017578125
700000 6500000 -50000 4287.64306640625
800000 6500000 -50000 4311.54345703125
900000 6500000 -50000 4343.19775390625
1000000 6500000 -50000 4384.7314453125
1100000 6500000 -50000 4427.5419921875
1200000 6500000 -50000 4489.46240234375
0 6600000 -50000 4169.83154296875
100000 6600000 -50000 4162.46875
200000 6600000 -50000 4217.60107421875
300000 6600000 -50000 4236.6328125
400000 6600000 -50000 4232.1865234375
500000 6600000 -50000 4238.11767578125
600000 6600000 -50000 4250.60791015625
700000 6600000 -50000 4277.68994140625
800000 6600000 -50000 4295.04736328125
900000 6600000 -50000 4305.16455078125
1000000 6600000 -50000 4346.30419921875
1100000 6600000 -50000 4383.5517578125
1200000 6600000 -50000 4426.95654296875
0 6700000 -50000 4053.48217773438
100000 6700000 -50000 4107.501953125
200000 6700000 -50000 4218.201171875
300000 6700000 -50000 4298.27490234375
400000 6700000 -50000 4305.45751953125
500000 6700000 -50000 4303.49755859375
600000 6700000 -50000 4308.9453125
700000 6700000 -50000 4312.740234375
800000 6700000 -50000 4312.7431640625
900000 6700000 -50000 4317.47509765625
1000000 6700000 -50000 4336.74560546875
1100000 6700000 -50000 4355.3974609375
1200000 6700000 -50000 4391.875
0 6800000 -50000 3964.41577148438
100000 6800000 -50000 4061.39404296875
200000 6800000 -50000 4225.76171875
300000 6800000 -50000 4367.5673828125
400000 6800000 -50000 4360.0498046875
500000 6800000 -50000 4351.921875
600000 6800000 -50000 4359.6318359375
700000 6800000 -50000 4370.939453125
800000 6800000 -50000 4387.396484375
900000 6800000 -50000 4388.94287109375
1000000 6800000 -50000 4379.5361328125
1100000 6800000 -50000 4374.01513671875
1200000 6800000 -50000 4379.69921875
0 6900000 -50000 3857.5
100000 6900000 -50000 3922.7431640625
200000 6900000 -50000 4080.0341796875
300000 6900000 -50000 4244.31591796875
400000 6900000 -50000 4313.40966796875
500000 6900000 -50000 4315.974609375
600000 6900000 -50000 4343.736328125
700000 6900000 -50000 4365.05029296875
800000 6900000 -50000 4393.86962890625
900000 6900000 -50000 4421.849609375
1000000 6900000 -50000 4441.234375
1100000 6900000 -50000 4458.74169921875
1200000 6900000 -50000 4443.72607421875
0 7000000 -50000 3797.03588867188
100000 7000000 -50000 3773.18481445312
200000 7000000 -50000 3917.26196289062
300000 7000000 -50000 4065.78466796875
400000 7000000 -50000 4186.48974609375
500000 7000000 -50000 4224.3388671875
600000 7000000 -50000 4260.32958984375
700000 7000000 -50000 4303.5048828125
800000 7000000 -50000 4340.7177734375
900000 7000000 -50000 4390.04150390625
1000000 7000000 -50000 4435.12353515625
1100000 7000000 -50000 4472.70654296875
1200000 7000000 -50000 4501.677734375
0 7100000 -50000 3805.35009765625
100000 7100000 -50000 3782.98657226562
200000 7100000 -50000 3876.41870117188
300000 7100000 -50000 4001.62084960938
400000 7100000 -50000 4132.9248046875
500000 7100000 -50000 4180.39306640625
600000 7100000 -50000 4218.19091796875
700000 7100000 -50000 4268.57470703125
800000 7100000 -50000 4289.373046875
900000 7100000 -50000 4322.931640625
1000000 7100000 -50000 4374.69287109375
1100000 7100000 -50000 4428.47021484375
1200000 7100000 -50000 4482.8720703125
0 7200000 -50000 3815.14453125
100000 7200000 -50000 3797.6083984375
200000 7200000 -50000 3884.84716796875
300000 7200000 -50000 4012.3154296875
400000 7200000 -50000 4116.4990234375
500000 7200000 -50000 4174.03466796875
600000 7200000 -50000 4228.5390625
700000 7200000 -50000 4294.73193359375
800000 7200000 -50000 4322.54150390625
900000 7200000 -50000 4346.66552734375
1000000 7200000 -50000 4376.77197265625
1100000 7200000 -50000 4404.5615234375
1200000 7200000 -50000 4413.42822265625
0 7300000 -50000 3804.27978515625
100000 7300000 -50000 3814.45654296875
200000 7300000 -50000 3916.91479492188
300000 7300000 -50000 4050.63232421875
400000 7300000 -50000 4100.6572265625
500000 7300000 -50000 4166.92822265625
600000 7300000 -50000 4264.11669921875
700000 7300000 -50000 4354.0908203125
800000 7300000 -50000 4430.39501953125
900000 7300000 -50000 4453.69775390625
1000000 7300000 -50000 4460.158203125
1100000 7300000 -50000 4440.7138671875
1200000 7300000 -50000 4410.404296875
0 7400000 -50000 3750.55737304688
100000 7400000 -50000 3737.16821289062
200000 7400000 -50000 3841.78100585938
300000 7400000 -50000 3986.12744140625
400000 7400000 -50000 4058.2548828125
500000 7400000 -50000 4134.46240234375
600000 7400000 -50000 4250.3935546875
700000 7400000 -50000 4347.92529296875
800000 7400000 -50000 4462.20263671875
900000 7400000 -50000 4508.55615234375
1000000 7400000 -50000 4533.9423828125
1100000 7400000 -50000 4511.24267578125
1200000 7400000 -50000 4459.45166015625
0 7500000 -50000 3735.19311523438
100000 7500000 -50000 3637.07421875
200000 7500000 -50000 3724.44189453125
300000 7500000 -50000 3859.99829101562
400000 7500000 -50000 3989.59716796875
500000 7500000 -50000 4068.38549804688
600000 7500000 -50000 4174.81787109375
700000 7500000 -50000 4299.33154296875
800000 7500000 -50000 4403.05224609375
900000 7500000 -50000 4485.4951171875
1000000 7500000 -50000 4524.38427734375
1100000 7500000 -50000 4524.59375
1200000 7500000 -50000 4495.49609375
0 7600000 -50000 3758.91430664062
100000 7600000 -50000 3650.7314453125
200000 7600000 -50000 3713.44897460938
300000 7600000 -50000 3819.57470703125
400000 7600000 -50000 3945.22705078125
500000 7600000 -50000 4030.15795898438
600000 7600000 -50000 4116.60791015625
700000 7600000 -50000 4237.89990234375
800000 7600000 -50000 4329.251953125
900000 7600000 -50000 4427.64599609375
1000000 7600000 -50000 4465.443359375
1100000 7600000 -50000 4504.826171875
1200000 7600000 -50000 4518.06591796875
0 7700000 -50000 3658.5498046875
100000 7700000 -50000 3708.2568359375
200000 7700000 -50000 3769.23217773438
300000 7700000 -50000 3873.47778320312
400000 7700000 -50000 3980.822265625
500000 7700000 -50000 4057.7265625
600000 7700000 -50000 4136.85546875
700000 7700000 -50000 4233.02490234375
800000 7700000 -50000 4312.6494140625
900000 7700000 -50000 4388.994140625
1000000 7700000 -50000 4441.1640625
1100000 7700000 -50000 4581.53515625
1200000 7700000 -50000 4471.7578125
0 7800000 -50000 3775.6396484375
100000 7800000 -50000 3788.4970703125
200000 7800000 -50000 3875.95141601562
300000 7800000 -50000 4003.48681640625
400000 7800000 -50000 4064.21875
500000 7800000 -50000 4135.03125
600000 7800000 -50000 4205.2392578125
700000 7800000 -50000 4262.7626953125
800000 7800000 -50000 4323.82275390625
900000 7800000 -50000 4346.080078125
1000000 7800000 -50000 4387.6787109375
1100000 7800000 -50000 4416.96630859375
1200000 7800000 -50000 4424.72998046875
0 6000000 -87500 4378.24755859375
100000 6000000 -87500 4377.4404296875
200000 6000000 -87500 4380.0546875
300000 6000000 -87500 4390.62939453125
400000 6000000 -87500 4413.400390625
500000 6000000 -87500 4444.33984375
600000 6000000 -87500 4471.654296875
700000 6000000 -87500 4501.78125
800000 6000000 -87500 4515.515625
900000 6000000 -87500 4513.91943359375
1000000 6000000 -87500 4515.09033203125
1100000 6000000 -87500 4517.71044921875
1200000 6000000 -87500 4521.31689453125
0 6100000 -87500 4440.615234375
100000 6100000 -87500 4407.42822265625
200000 6100000 -87500 4391.6201171875
300000 6100000 -87500 4383.80126953125
400000 6100000 -87500 4401.421875
500000 6100000 -87500 4427.5498046875
600000 6100000 -87500 4455.67626953125
700000 6100000 -87500 4480.22900390625
800000 6100000 -87500 4505.01171875
900000 6100000 -87500 4505.486328125
1000000 6100000 -87500 4507.962890625
1100000 6100000 -87500 4512.22412109375
1200000 6100000 -87500 4516.33642578125
0 6200000 -87500 4475.64013671875
100000 6200000 -87500 4429.2265625
200000 6200000 -87500 4394.41357421875
300000 6200000 -87500 4374.43701171875
400000 6200000 -87500 4384.642578125
500000 6200000 -87500 4402.39208984375
600000 6200000 -87500 4431.80517578125
700000 6200000 -87500 4461.42724609375
800000 6200000 -87500 4484.634765625
900000 6200000 -87500 4493.71142578125
1000000 6200000 -87500 4498.0634765625
1100000 6200000 -87500 4502.59912109375
1200000 6200000 -87500 4503.00830078125
0 6300000 -87500 4484.263671875
100000 6300000 -87500 4435.0859375
200000 6300000 -87500 4400.49755859375
300000 6300000 -87500 4374.09033203125
400000 6300000 -87500 4377.62744140625
500000 6300000 -87500 4393.34619140625
600000 6300000 -87500 4417.50244140625
700000 6300000 -87500 4440.51953125
800000 6300000 -87500 4465.90576171875
900000 6300000 -87500 4483.43798828125
1000000 6300000 -87500 4490.06396484375
1100000 6300000 -87500 4494.6943359375
1200000 6300000 -87500 4494.89501953125
0 6400000 -87500 4484.32373046875
100000 6400000 -87500 4450.56494140625
200000 6400000 -87500 4410.98388671875
300000 6400000 -87500 4388.1005859375
400000 6400000 -87500 4381.11572265625
500000 6400000 -87500 4392.09033203125
600000 6400000 -87500 4406.71044921875
700000 6400000 -87500 4430.73193359375
800000 6400000 -87500 4457.1904296875
900000 6400000 -87500 4479.55126953125
1000000 6400000 -87500 4486.93701171875
1100000 6400000 -87500 4490.37890625
1200000 6400000 -87500 4489.72216796875
0 6500000 -87500 4485.0302734375
100000 6500000 -87500 4455.7373046875
200000 6500000 -87500 4423.10498046875
300000 6500000 -87500 4401.66748046875
400000 6500000 -87500 4386.412109375
500000 6500000 -87500 4389.87548828125
600000 6500000 -87500 4398.66748046875
700000 6500000 -87500 4422.3193359375
800000 6500000 -87500 4449.2197265625
900000 6500000 -87500 4472.5537109375
1000000 6500000 -87500 4484.18115234375
1100000 6500000 -87500 4486.2958984375
1200000 6500000 -87500 4493.1435546875
0 6600000 -87500 4475.7197265625
100000 6600000 -87500 4453.94287109375
200000 6600000 -87500 4434.986328125
300000 6600000 -87500 4415.8095703125
400000 6600000 -87500 4392.6181640625
500000 6600000 -87500 4385.5888671875
600000 6600000 -87500 4394.1728515625
700000 6600000 -87500 4419.50341796875
800000 6600000 -87500 4444.35400390625
900000 6600000 -87500 4467.869140625
1000000 6600000 -87500 4485.052734375
1100000 6600000 -87500 4487.13330078125
1200000 6600000 -87500 4498.94580078125
0 6700000 -87500 4467.669921875
100000 6700000 -87500 4458.400390625
200000 6700000 -87500 4453.349609375
300000 6700000 -87500 4429.88232421875
400000 6700000 -87500 4401.32421875
500000 6700000 -87500 4382.076171875
600000 6700000 -87500 4388.92578125
700000 6700000 -87500 4412.53271484375
800000 6700000 -87500 4442.89013671875
900000 6700000 -87500 4468.59228515625
1000000 6700000 -87500 4486.29150390625
1100000 6700000 -87500 4497.3818359375
1200000 6700000 -87500 4516.3076171875
0 6800000 -87500 4465.67529296875
100000 6800000 -87500 4454.78759765625
200000 6800000 -87500 4463.64013671875
300000 6800000 -87500 4440.95068359375
400000 6800000 -87500 4405.79833984375
500000 6800000 -87500 4380.5
600000 6800000 -87500 4386.07470703125
700000 6800000 -87500 4407.4638671875
800000 6800000 -87500 4440.6318359375
900000 6800000 -87500 4466.388671875
1000000 6800000 -87500 4490.134765625
1100000 6800000 -87500 4511.54833984375
1200000 6800000 -87500 4527.1328125
0 6900000 -87500 4451.77783203125
100000 6900000 -87500 4455.322265625
200000 6900000 -87500 4441.0712890625
300000 6900000 -87500 4402.138671875
400000 6900000 -87500 4366.06591796875
500000 6900000 -87500 4345.54443359375
600000 6900000 -87500 4361.296875
700000 6900000 -87500 4385.92431640625
800000 6900000 -87500 4424.53857421875
900000 6900000 -87500 4459.396484375
1000000 6900000 -87500 4485.9345703125
1100000 6900000 -87500 4521.830078125
1200000 6900000 -87500 4538.5068359375
0 7000000 -87500 4447.6337890625
100000 7000000 -87500 4439.0244140625
200000 7000000 -87500 4399.51806640625
300000 7000000 -87500 4353.86767578125
400000 7000000 -87500 4315.05078125
500000 7000000 -87500 4309.15478515625
600000 7000000 -87500 4323.08349609375
700000 7000000 -87500 4355.95849609375
800000 7000000 -87500 4393.2705078125
900000 7000000 -87500 4439.6943359375
1000000 7000000 -87500 4482.39013671875
1100000 7000000 -87500 4521.8544921875
1200000 7000000 -87500 4552.75927734375
0 7100000 -87500 4456.08544921875
100000 7100000 -87500 4433.8505859375
200000 7100000 -87500 4376.4228515625
300000 7100000 -87500 4327.64892578125
400000 7100000 -87500 4284.8876953125
500000 7100000 -87500 4284.0361328125
600000 7100000 -87500 4296.68115234375
700000 7100000 -87500 4341.54345703125
800000 7100000 -87500 4379.87109375
900000 7100000 -87500 4430.68603515625
1000000 7100000 -87500 4484.16162109375
1100000 7100000 -87500 4522.7119140625
1200000 7100000 -87500 4564.87548828125
0 7200000 -87500 4450.97998046875
100000 7200000 -87500 4410.54345703125
200000 7200000 -87500 4348.60107421875
300000 7200000 -87500 4291.32568359375
400000 7200000 -87500 4251.7802734375
500000 7200000 -87500 4251.509765625
600000 7200000 -87500 4273.287109375
700000 7200000 -87500 4329.56787109375
800000 7200000 -87500 4377.9130859375
900000 7200000 -87500 4433.9658203125
1000000 7200000 -87500 4491.1396484375
1100000 7200000 -87500 4533.15087890625
1200000 7200000 -87500 4568.8896484375
0 7300000 -87500 4427.14892578125
100000 7300000 -87500 4373.87158203125
200000 7300000 -87500 4311.416015625
300000 7300000 -87500 4244.8173828125
400000 7300000 -87500 4217.3828125
500000 7300000 -87500 4206.98046875
600000 7300000 -87500 4251.345703125
700000 7300000 -87500 4311.15869140625
800000 7300000 -87500 4384.9853515625
900000 7300000 -87500 4438.3427734375
1000000 7300000 -87500 4496.09765625
1100000 7300000 -87500 4542.98828125
1200000 7300000 -87500 4568.52978515625
0 7400000 -87500 4416.9873046875
100000 7400000 -87500 4352.552734375
200000 7400000 -87500 4291.5185546875
300000 7400000 -87500 4234.68505859375
400000 7400000 -87500 4204.7783203125
500000 7400000 -87500 4200.60107421875
600000 7400000 -87500 4248.89404296875
700000 7400000 -87500 4306.2880859375
800000 7400000 -87500 4389.6796875
900000 7400000 -87500 4447.509765625
1000000 7400000 -87500 4503.5302734375
1100000 7400000 -87500 4546.85546875
1200000 7400000 -87500 4568.400390625
0 7500000 -87500 4405.1396484375
100000 7500000 -87500 4328.15234375
200000 7500000 -87500 4269.8681640625
300000 7500000 -87500 4235.83056640625
400000 7500000 -87500 4209.60107421875
500000 7500000 -87500 4218.4462890625
600000 7500000 -87500 4255.95361328125
700000 7500000 -87500 4322.03173828125
800000 7500000 -87500 4387.24853515625
900000 7500000 -87500 4455.77490234375
1000000 7500000 -87500 4506.1279296875
1100000 7500000 -87500 4545.64404296875
1200000 7500000 -87500 4571.76123046875
0 7600000 -87500 4390.09765625
100000 7600000 -87500 4338.4951171875
200000 7600000 -87500 4286.1357421875
300000 7600000 -87500 4249.8447265625
400000 7600000 -87500 4229.3837890625
500000 7600000 -87500 4245.90283203125
600000 7600000 -87500 4270.86767578125
700000 7600000 -87500 4330.98974609375
800000 7600000 -87500 4388.732421875
900000 7600000 -87500 4458.47509765625
1000000 7600000 -87500 4496.79638671875
1100000 7600000 -87500 4535.6279296875
1200000 7600000 -87500 4570.3017578125
0 7700000 -87500 4397.17626953125
100000 7700000 -87500 4351.61181640625
200000 7700000 -87500 4306.31494140625
300000 7700000 -87500 4275.244140625
400000 7700000 -87500 4268.2353515625
500000 7700000 -87500 4279.599609375
600000 7700000 -87500 4301.54443359375
700000 7700000 -87500 4343.00146484375
800000 7700000 -87500 4393.30322265625
900000 7700000 -87500 4440.46826171875
1000000 7700000 -87500 4476.87353515625
1100000 7700000 -87500 4491.7080078125
1200000 7700000 -87500 4522.94921875
0 7800000 -87500 4393.17138671875
100000 7800000 -87500 4366.130859375
200000 7800000 -87500 4328.8515625
300000 7800000 -87500 4314.4150390625
400000 7800000 -87500 4320.60009765625
500000 7800000 -87500 4331.0556640625
600000 7800000 -87500 4344.06982421875
700000 7800000 -87500 4360.57421875
800000 7800000 -87500 4393.46044921875
900000 7800000 -87500 4411.04248046875
1000000 7800000 -87500 4436.03662109375
1100000 7800000 -87500 4463.95556640625
1200000 7800000 -87500 4478.8232421875
0 6000000 -125000 4422.21533203125
100000 6000000 -125000 4421.93212890625
200000 6000000 -125000 4420.35986328125
300000 6000000 -125000 4417.87841796875
400000 6000000 -125000 4423.197265625
500000 6000000 -125000 4434.408203125
600000 6000000 -125000 4448.57275390625
700000 6000000 -125000 4464.22998046875
800000 6000000 -125000 4464.78466796875
900000 6000000 -125000 4457.1416015625
1000000 6000000 -125000 4448.986328125
1100000 6000000 -125000 4443.22900390625
1200000 6000000 -125000 4439.8466796875
0 6100000 -125000 4485.09814453125
100000 6100000 -125000 4457.30517578125
200000 6100000 -125000 4437.56982421875
300000 6100000 -125000 4417.0517578125
400000 6100000 -125000 4418.4755859375
500000 6100000 -125000 4425.21630859375
600000 6100000 -125000 4437.4892578125
700000 6100000 -125000 4456.2880859375
800000 6100000 -125000 4457.8837890625
900000 6100000 -125000 4448.671875
1000000 6100000 -125000 4441.43115234375
1100000 6100000 -125000 4438.30322265625
1200000 6100000 -125000 4433.3310546875
0 6200000 -125000 4515.3935546875
100000 6200000 -125000 4479.6650390625
200000 6200000 -125000 4447.39306640625
300000 6200000 -125000 4418.10888671875
400000 6200000 -125000 4411.81494140625
500000 6200000 -125000 4411.55810546875
600000 6200000 -125000 4420.1181640625
700000 6200000 -125000 4433.17431640625
800000 6200000 -125000 4444.44140625
900000 6200000 -125000 4440.10205078125
1000000 6200000 -125000 4435.24365234375
1100000 6200000 -125000 4427.8095703125
1200000 6200000 -125000 4418.91064453125
0 6300000 -125000 4516.73486328125
100000 6300000 -125000 4488.0205078125
200000 6300000 -125000 4455.13232421875
300000 6300000 -125000 4419.7666015625
400000 6300000 -125000 4406.564453125
500000 6300000 -125000 4404.45703125
600000 6300000 -125000 4407.830078125
700000 6300000 -125000 4417.908203125
800000 6300000 -125000 4430.3837890625
900000 6300000 -125000 4433.3642578125
1000000 6300000 -125000 4429.5947265625
1100000 6300000 -125000 4420.8720703125
1200000 6300000 -125000 4411.57568359375
0 6400000 -125000 4499.52587890625
100000 6400000 -125000 4496.1953125
200000 6400000 -125000 4464.7451171875
300000 6400000 -125000 4429.84326171875
400000 6400000 -125000 4404.9599609375
500000 6400000 -125000 4397.1904296875
600000 6400000 -125000 4398.1162109375
700000 6400000 -125000 4408.45556640625
800000 6400000 -125000 4424.322265625
900000 6400000 -125000 4434.96533203125
1000000 6400000 -125000 4430.12939453125
1100000 6400000 -125000 4419.68701171875
1200000 6400000 -125000 4409.89013671875
0 6500000 -125000 4494.89111328125
100000 6500000 -125000 4498.5703125
200000 6500000 -125000 4474.3134765625
300000 6500000 -125000 4438.34814453125
400000 6500000 -125000 4402.74267578125
500000 6500000 -125000 4389.73583984375
600000 6500000 -125000 4388.76904296875
700000 6500000 -125000 4399.86962890625
800000 6500000 -125000 4418.619140625
900000 6500000 -125000 4433.8291015625
1000000 6500000 -125000 4432.46142578125
1100000 6500000 -125000 4424.0693359375
1200000 6500000 -125000 4417.9833984375
0 6600000 -125000 4491.93896484375
100000 6600000 -125000 4501.6142578125
200000 6600000 -125000 4486.45166015625
300000 6600000 -125000 4450.78857421875
400000 6600000 -125000 4406.09423828125
500000 6600000 -125000 4382.5341796875
600000 6600000 -125000 4381.82373046875
700000 6600000 -125000 4396.83056640625
800000 6600000 -125000 4415.5302734375
900000 6600000 -125000 4432.82958984375
1000000 6600000 -125000 4439.43408203125
1100000 6600000 -125000 4431.36572265625
1200000 6600000 -125000 4430.97314453125
0 6700000 -125000 4490.705078125
100000 6700000 -125000 4504.31201171875
200000 6700000 -125000 4501.3603515625
300000 6700000 -125000 4466.71533203125
400000 6700000 -125000 4415.90087890625
500000 6700000 -125000 4377.0283203125
600000 6700000 -125000 4372.5439453125
700000 6700000 -125000 4391.30126953125
800000 6700000 -125000 4414.90087890625
900000 6700000 -125000 4435.716796875
1000000 6700000 -125000 4446.1015625
1100000 6700000 -125000 4459.267578125
1200000 6700000 -125000 4461.67333984375
0 6800000 -125000 4491.16552734375
100000 6800000 -125000 4514.771484375
200000 6800000 -125000 4520.28857421875
300000 6800000 -125000 4477.904296875
400000 6800000 -125000 4421.23828125
500000 6800000 -125000 4371.8994140625
600000 6800000 -125000 4364.9365234375
700000 6800000 -125000 4385.21044921875
800000 6800000 -125000 4415.7734375
900000 6800000 -125000 4439.61962890625
1000000 6800000 -125000 4457.0126953125
1100000 6800000 -125000 4470.99462890625
1200000 6800000 -125000 4481.7373046875
0 6900000 -125000 4524.0078125
100000 6900000 -125000 4555.9267578125
200000 6900000 -125000 4539.26220703125
300000 6900000 -125000 4469.2861328125
400000 6900000 -125000 4397.3203125
500000 6900000 -125000 4349.43701171875
600000 6900000 -125000 4343.08203125
700000 6900000 -125000 4362.46875
800000 6900000 -125000 4399.94287109375
900000 6900000 -125000 4433.6416015625
1000000 6900000 -125000 4459.31591796875
1100000 6900000 -125000 4492.82080078125
1200000 6900000 -125000 4505.98828125
0 7000000 -125000 4550.77734375
100000 7000000 -125000 4592.6494140625
200000 7000000 -125000 4544.59765625
300000 7000000 -125000 4459.47119140625
400000 7000000 -125000 4367.15966796875
500000 7000000 -125000 4326.85546875
600000 7000000 -125000 4312.5478515625
700000 7000000 -125000 4332.06103515625
800000 7000000 -125000 4369.29052734375
900000 7000000 -125000 4415.45751953125
1000000 7000000 -125000 4460.0830078125
1100000 7000000 -125000 4500.01025390625
1200000 7000000 -125000 4529.5771484375
0 7100000 -125000 4581.6220703125
100000 7100000 -125000 4603.646484375
200000 7100000 -125000 4537.4560546875
300000 7100000 -125000 4452.1484375
400000 7100000 -125000 4354.48876953125
500000 7100000 -125000 4313.2880859375
600000 7100000 -125000 4294.61669921875
700000 7100000 -125000 4313.5927734375
800000 7100000 -125000 4350.6181640625
900000 7100000 -125000 4403.3525390625
1000000 7100000 -125000 4460.4345703125
1100000 7100000 -125000 4505.697265625
1200000 7100000 -125000 4553.4951171875
0 7200000 -125000 4602.30419921875
100000 7200000 -125000 4604.5546875
200000 7200000 -125000 4537.955078125
300000 7200000 -125000 4444.38916015625
400000 7200000 -125000 4346.59619140625
500000 7200000 -125000 4289.77001953125
600000 7200000 -125000 4275.27587890625
700000 7200000 -125000 4301.5927734375
800000 7200000 -125000 4341.39892578125
900000 7200000 -125000 4396.97314453125
1000000 7200000 -125000 4457.5185546875
1100000 7200000 -125000 4503.52294921875
1200000 7200000 -125000 4549.93212890625
0 7300000 -125000 4623.14892578125
100000 7300000 -125000 4595.154296875
200000 7300000 -125000 4540.7021484375
300000 7300000 -125000 4431.83447265625
400000 7300000 -125000 4344.68115234375
500000 7300000 -125000 4265.79345703125
600000 7300000 -125000 4257.41845703125
700000 7300000 -125000 4281.57080078125
800000 7300000 -125000 4332.2255859375
900000 7300000 -125000 4384.1728515625
1000000 7300000 -125000 4446.65673828125
1100000 7300000 -125000 4502.77490234375
1200000 7300000 -125000 4542.61474609375
0 7400000 -125000 4603.8095703125
100000 7400000 -125000 4584.595703125
200000 7400000 -125000 4531.62548828125
300000 7400000 -125000 4438.58837890625
400000 7400000 -125000 4351.43017578125
500000 7400000 -125000 4276.919921875
600000 7400000 -125000 4263.8583984375
700000 7400000 -125000 4281.9794921875
800000 7400000 -125000 4327.8359375
900000 7400000 -125000 4379.0908203125
1000000 7400000 -125000 4435.74853515625
1100000 7400000 -125000 4494.1015625
1200000 7400000 -125000 4531.2177734375
0 7500000 -125000 4565.83984375
100000 7500000 -125000 4566.58056640625
200000 7500000 -125000 4514.158203125
300000 7500000 -125000 4451.6572265625
400000 7500000 -125000 4365.62939453125
500000 7500000 -125000 4313.9130859375
600000 7500000 -125000 4290.5986328125
700000 7500000 -125000 4303.12841796875
800000 7500000 -125000 4332.6279296875
900000 7500000 -125000 4378.81787109375
1000000 7500000 -125000 4425.3955078125
1100000 7500000 -125000 4473.02197265625
1200000 7500000 -125000 4514.95751953125
0 7600000 -125000 4546.78173828125
100000 7600000 -125000 4554.85302734375
200000 7600000 -125000 4511.11279296875
300000 7600000 -125000 4457.3369140625
400000 7600000 -125000 4392.525390625
500000 7600000 -125000 4353.68408203125
600000 7600000 -125000 4321.0400390625
700000 7600000 -125000 4320.59228515625
800000 7600000 -125000 4342.05615234375
900000 7600000 -125000 4376.5869140625
1000000 7600000 -125000 4408.0009765625
1100000 7600000 -125000 4444.6279296875
1200000 7600000 -125000 4491.92578125
0 7700000 -125000 4541.09375
100000 7700000 -125000 4555.81005859375
200000 7700000 -125000 4517.95751953125
300000 7700000 -125000 4470.63232421875
400000 7700000 -125000 4425.93017578125
500000 7700000 -125000 4386.8955078125
600000 7700000 -125000 4354.42529296875
700000 7700000 -125000 4341.39599609375
800000 7700000 -125000 4353.99462890625
900000 7700000 -125000 4368.943359375
1000000 7700000 -125000 4397.91650390625
1100000 7700000 -125000 4411.16259765625
1200000 7700000 -125000 4446.79345703125
0 7800000 -125000 4559.14501953125
100000 7800000 -125000 4553.77099609375
200000 7800000 -125000 4533.26953125
300000 7800000 -125000 4498.82470703125
400000 7800000 -125000 4479.10693359375
500000 7800000 -125000 4443.71435546875
600000 7800000 -125000 4407.630859375
700000 7800000 -125000 4380.6474609375
800000 7800000 -125000 4367.59423828125
900000 7800000 -125000 4358.4267578125
1000000 7800000 -125000 4364.220703125
1100000 7800000 -125000 4379.28759765625
1200000 7800000 -125000 4396.6123046875
0 6000000 -162500 4468.2548828125
100000 6000000 -162500 4461.08544921875
200000 6000000 -162500 4450.501953125
300000 6000000 -162500 4435.048828125
400000 6000000 -162500 4427.5703125
500000 6000000 -162500 4424.8798828125
600000 6000000 -162500 4431.3837890625
700000 6000000 -162500 4437.18310546875
800000 6000000 -162500 4429.9736328125
900000 6000000 -162500 4419.79248046875
1000000 6000000 -162500 4407.1474609375
1100000 6000000 -162500 4396.984375
1200000 6000000 -162500 4390.69775390625
0 6100000 -162500 4522.345703125
100000 6100000 -162500 4489.06201171875
200000 6100000 -162500 4466.82666015625
300000 6100000 -162500 4433.56298828125
400000 6100000 -162500 4422.2294921875
500000 6100000 -162500 4415.45751953125
600000 6100000 -162500 4417.85595703125
700000 6100000 -162500 4422.95166015625
800000 6100000 -162500 4421.3037109375
900000 6100000 -162500 4410.10595703125
1000000 6100000 -162500 4397.6640625
1100000 6100000 -162500 4391.68359375
1200000 6100000 -162500 4381.96337890625
0 6200000 -162500 4550.22021484375
100000 6200000 -162500 4510.12451171875
200000 6200000 -162500 4471.12060546875
300000 6200000 -162500 4436.689453125
400000 6200000 -162500 4415.333984375
500000 6200000 -162500 4404.3466796875
600000 6200000 -162500 4401.37451171875
700000 6200000 -162500 4406.75537109375
800000 6200000 -162500 4410.791015625
900000 6200000 -162500 4400.22412109375
1000000 6200000 -162500 4391.34326171875
1100000 6200000 -162500 4380.67333984375
1200000 6200000 -162500 4368.1337890625
0 6300000 -162500 4542.83837890625
100000 6300000 -162500 4514.1513671875
200000 6300000 -162500 4481.4326171875
300000 6300000 -162500 4434.88037109375
400000 6300000 -162500 4407.65966796875
500000 6300000 -162500 4395.220703125
600000 6300000 -162500 4386.96533203125
700000 6300000 -162500 4391.57763671875
800000 6300000 -162500 4398.310546875
900000 6300000 -162500 4394.31005859375
1000000 6300000 -162500 4386.46142578125
1100000 6300000 -162500 4372.8037109375
1200000 6300000 -162500 4360.55908203125
0 6400000 -162500 4516.8984375
100000 6400000 -162500 4520.85302734375
200000 6400000 -162500 4489.43505859375
300000 6400000 -162500 4441.78173828125
400000 6400000 -162500 4402.58837890625
500000 6400000 -162500 4383.46630859375
600000 6400000 -162500 4376.81298828125
700000 6400000 -162500 4380.86181640625
800000 6400000 -162500 4392.06005859375
900000 6400000 -162500 4396.45947265625
1000000 6400000 -162500 4387.552734375
1100000 6400000 -162500 4372.859375
1200000 6400000 -162500 4361.83984375
0 6500000 -162500 4509.7734375
100000 6500000 -162500 4523.4580078125
200000 6500000 -162500 4497.869140625
300000 6500000 -162500 4448.013671875
400000 6500000 -162500 4398.27587890625
500000 6500000 -162500 4375.01416015625
600000 6500000 -162500 4368.25341796875
700000 6500000 -162500 4371.96142578125
800000 6500000 -162500 4386.75439453125
900000 6500000 -162500 4397.5546875
1000000 6500000 -162500 4391.58740234375
1100000 6500000 -162500 4380.173828125
1200000 6500000 -162500 4370.25146484375
0 6600000 -162500 4505.44384765625
100000 6600000 -162500 4526.810546875
200000 6600000 -162500 4507.45068359375
300000 6600000 -162500 4463.4013671875
400000 6600000 -162500 4402.71044921875
500000 6600000 -162500 4366.56982421875
600000 6600000 -162500 4359.80078125
700000 6600000 -162500 4368.71337890625
800000 6600000 -162500 4384.3408203125
900000 6600000 -162500 4398.21875
1000000 6600000 -162500 4400.470703125
1100000 6600000 -162500 4390.1787109375
1200000 6600000 -162500 4385.216796875
0 6700000 -162500 4505.634765625
100000 6700000 -162500 4527.8798828125
200000 6700000 -162500 4524.4638671875
300000 6700000 -162500 4478.43798828125
400000 6700000 -162500 4413.0576171875
500000 6700000 -162500 4361.4150390625
600000 6700000 -162500 4349.82666015625
700000 6700000 -162500 4365.357421875
800000 6700000 -162500 4384.77197265625
900000 6700000 -162500 4403.3818359375
1000000 6700000 -162500 4411.38134765625
1100000 6700000 -162500 4412.82373046875
1200000 6700000 -162500 4420.41455078125
0 6800000 -162500 4505.36767578125
100000 6800000 -162500 4539.64501953125
200000 6800000 -162500 4544.95263671875
300000 6800000 -162500 4491.40185546875
400000 6800000 -162500 4421.40869140625
500000 6800000 -162500 4356.50341796875
600000 6800000 -162500 4340.9345703125
700000 6800000 -162500 4359.55029296875
800000 6800000 -162500 4387.197265625
900000 6800000 -162500 4409.39794921875
1000000 6800000 -162500 4424.61474609375
1100000 6800000 -162500 4435.31201171875
1200000 6800000 -162500 4445.38916015625
0 6900000 -162500 4561.6279296875
100000 6900000 -162500 4605.93603515625
200000 6900000 -162500 4589.79248046875
300000 6900000 -162500 4505.75048828125
400000 6900000 -162500 4414.0615234375
500000 6900000 -162500 4350.36376953125
600000 6900000 -162500 4329.14794921875
700000 6900000 -162500 4343.54052734375
800000 6900000 -162500 4377.1494140625
900000 6900000 -162500 4407.00537109375
1000000 6900000 -162500 4430.216796875
1100000 6900000 -162500 4459.18994140625
1200000 6900000 -162500 4470.0947265625
0 7000000 -162500 4608.33349609375
100000 7000000 -162500 4672.83349609375
200000 7000000 -162500 4623.361328125
300000 7000000 -162500 4523.47119140625
400000 7000000 -162500 4408.287109375
500000 7000000 -162500 4347.87109375
600000 7000000 -162500 4316.38330078125
700000 7000000 -162500 4324.17138671875
800000 7000000 -162500 4356.86669921875
900000 7000000 -162500 4396.94091796875
1000000 7000000 -162500 4436.28662109375
1100000 7000000 -162500 4469.98876953125
1200000 7000000 -162500 4494.26806640625
0 7100000 -162500 4658.681640625
100000 7100000 -162500 4704.646484375
200000 7100000 -162500 4636.5048828125
300000 7100000 -162500 4534.55712890625
400000 7100000 -162500 4408.63037109375
500000 7100000 -162500 4343.2421875
600000 7100000 -162500 4306.61083984375
700000 7100000 -162500 4310.66845703125
800000 7100000 -162500 4342.77880859375
900000 7100000 -162500 4389.3232421875
1000000 7100000 -162500 4438.7705078125
1100000 7100000 -162500 4479.509765625
1200000 7100000 -162500 4520.65380859375
0 7200000 -162500 4700.640625
100000 7200000 -162500 4721.14599609375
200000 7200000 -162500 4653.0400390625
300000 7200000 -162500 4541.88818359375
400000 7200000 -162500 4416.4169921875
500000 7200000 -162500 4330.41748046875
600000 7200000 -162500 4293.8193359375
700000 7200000 -162500 4300.10400390625
800000 7200000 -162500 4330.865234375
900000 7200000 -162500 4378.41845703125
1000000 7200000 -162500 4431.40234375
1100000 7200000 -162500 4472.60107421875
1200000 7200000 -162500 4515.4482421875
0 7300000 -162500 4735.7646484375
100000 7300000 -162500 4720.9365234375
200000 7300000 -162500 4673.2197265625
300000 7300000 -162500 4546.4716796875
400000 7300000 -162500 4431.21630859375
500000 7300000 -162500 4319.0146484375
600000 7300000 -162500 4282.2119140625
700000 7300000 -162500 4285.58984375
800000 7300000 -162500 4317.6220703125
900000 7300000 -162500 4360.9375
1000000 7300000 -162500 4415.7705078125
1100000 7300000 -162500 4465.3515625
1200000 7300000 -162500 4503.65283203125
0 7400000 -162500 4713.18798828125
100000 7400000 -162500 4711.83251953125
200000 7400000 -162500 4663.4853515625
300000 7400000 -162500 4554.33154296875
400000 7400000 -162500 4441.09765625
500000 7400000 -162500 4333.22216796875
600000 7400000 -162500 4289.87353515625
700000 7400000 -162500 4286.68408203125
800000 7400000 -162500 4308.38525390625
900000 7400000 -162500 4348.76025390625
1000000 7400000 -162500 4396.70361328125
1100000 7400000 -162500 4450.99853515625
1200000 7400000 -162500 4485.53515625
0 7500000 -162500 4667.6455078125
100000 7500000 -162500 4688.09228515625
200000 7500000 -162500 4636.3330078125
300000 7500000 -162500 4561.9580078125
400000 7500000 -162500 4449.34814453125
500000 7500000 -162500 4369.44140625
600000 7500000 -162500 4317.69580078125
700000 7500000 -162500 4302.380859375
800000 7500000 -162500 4311.8310546875
900000 7500000 -162500 4342.23779296875
1000000 7500000 -162500 4377.00439453125
1100000 7500000 -162500 4419.638671875
1200000 7500000 -162500 4460.2060546875
0 7600000 -162500 4647.71240234375
100000 7600000 -162500 4672.46630859375
200000 7600000 -162500 4623.95947265625
300000 7600000 -162500 4559.6728515625
400000 7600000 -162500 4469.74462890625
500000 7600000 -162500 4403.83642578125
600000 7600000 -162500 4344.0712890625
700000 7600000 -162500 4315.21728515625
800000 7600000 -162500 4317.54736328125
900000 7600000 -162500 4332.79150390625
1000000 7600000 -162500 4354.314453125
1100000 7600000 -162500 4383.34326171875
1200000 7600000 -162500 4428.11962890625
0 7700000 -162500 4650.794921875
100000 7700000 -162500 4661.119140625
200000 7700000 -162500 4615.79150390625
300000 7700000 -162500 4556.29345703125
400000 7700000 -162500 4493.5908203125
500000 7700000 -162500 4432.3798828125
600000 7700000 -162500 4374.3505859375
700000 7700000 -162500 4336.35498046875
800000 7700000 -162500 4329.25634765625
900000 7700000 -162500 4325.7548828125
1000000 7700000 -162500 4338.28173828125
1100000 7700000 -162500 4347.62353515625
1200000 7700000 -162500 4377.7587890625
0 7800000 -162500 4653.34814453125
100000 7800000 -162500 4639.85546875
200000 7800000 -162500 4605.6357421875
300000 7800000 -162500 4554.14990234375
400000 7800000 -162500 4523.19921875
500000 7800000 -162500 4470.12158203125
600000 7800000 -162500 4414.1552734375
700000 7800000 -162500 4371.341796875
800000 7800000 -162500 4340.802734375
900000 7800000 -162500 4322.009765625
1000000 7800000 -162500 4317.84375
1100000 7800000 -162500 4329.07763671875
1200000 7800000 -162500 4340.68505859375
0 6000000 -200000 4522.13427734375
100000 6000000 -200000 4510.99365234375
200000 6000000 -200000 4499.44677734375
300000 6000000 -200000 4476.46142578125
400000 6000000 -200000 4463.1796875
500000 6000000 -200000 4451.3603515625
600000 6000000 -200000 4453.83740234375
700000 6000000 -200000 4455.10595703125
800000 6000000 -200000 4443.56005859375
900000 6000000 -200000 4426.6767578125
1000000 6000000 -200000 4411.1494140625
1100000 6000000 -200000 4404.71435546875
1200000 6000000 -200000 4401.81689453125
0 6100000 -200000 4570.7041015625
100000 6100000 -200000 4536.54541015625
200000 6100000 -200000 4497.76611328125
300000 6100000 -200000 4462.96435546875
400000 6100000 -200000 4456.7216796875
500000 6100000 -200000 4443.22509765625
600000 6100000 -200000 4441.9228515625
700000 6100000 -200000 4430.9833984375
800000 6100000 -200000 4425.40478515625
900000 6100000 -200000 4423.94287109375
1000000 6100000 -200000 4407.697265625
1100000 6100000 -200000 4396.95654296875
1200000 6100000 -200000 4390.44482421875
0 6200000 -200000 4592.2880859375
100000 6200000 -200000 4549.90234375
200000 6200000 -200000 4511.28515625
300000 6200000 -200000 4470.94775390625
400000 6200000 -200000 4441.33544921875
500000 6200000 -200000 4424.0205078125
600000 6200000 -200000 4417.0048828125
700000 6200000 -200000 4423.06640625
800000 6200000 -200000 4425.04443359375
900000 6200000 -200000 4415.75732421875
1000000 6200000 -200000 4405.1015625
1100000 6200000 -200000 4393.33642578125
1200000 6200000 -200000 4379.38818359375
0 6300000 -200000 4580.96484375
100000 6300000 -200000 4550.66796875
200000 6300000 -200000 4514.03271484375
300000 6300000 -200000 4462.12744140625
400000 6300000 -200000 4427.75439453125
500000 6300000 -200000 4410.59765625
600000 6300000 -200000 4397.3271484375
700000 6300000 -200000 4403.0029296875
800000 6300000 -200000 4410.4931640625
900000 6300000 -200000 4405.1083984375
1000000 6300000 -200000 4396.5361328125
1100000 6300000 -200000 4385.53662109375
1200000 6300000 -200000 4375.150390625
0 6400000 -200000 4549.912109375
100000 6400000 -200000 4554.16015625
200000 6400000 -200000 4518.05029296875
300000 6400000 -200000 4465.1806640625
400000 6400000 -200000 4419.90087890625
500000 6400000 -200000 4395.443359375
600000 6400000 -200000 4386.14892578125
700000 6400000 -200000 4390.07666015625
800000 6400000 -200000 4401.58935546875
900000 6400000 -200000 4405.0625
1000000 6400000 -200000 4395.05126953125
1100000 6400000 -200000 4379.7744140625
1200000 6400000 -200000 4370.91357421875
0 6500000 -200000 4541.5537109375
100000 6500000 -200000 4556.2177734375
200000 6500000 -200000 4525.99365234375
300000 6500000 -200000 4473.689453125
400000 6500000 -200000 4418.51806640625
500000 6500000 -200000 4391.7421875
600000 6500000 -200000 4383.27197265625
700000 6500000 -200000 4384.6474609375
800000 6500000 -200000 4397.57763671875
900000 6500000 -200000 4407.138671875
1000000 6500000 -200000 4400.9140625
1100000 6500000 -200000 4389.33154296875
1200000 6500000 -200000 4377.85400390625
0 6600000 -200000 4537.44873046875
100000 6600000 -200000 4557.8916015625
200000 6600000 -200000 4537.5703125
300000 6600000 -200000 4487.78564453125
400000 6600000 -200000 4423.65771484375
500000 6600000 -200000 4385.43896484375
600000 6600000 -200000 4377.0888671875
700000 6600000 -200000 4382.814453125
800000 6600000 -200000 4397.240234375
900000 6600000 -200000 4411.515625
1000000 6600000 -200000 4413.58984375
1100000 6600000 -200000 4402.5205078125
1200000 6600000 -200000 4397.66064453125
0 6700000 -200000 4533.0556640625
100000 6700000 -200000 4555.212890625
200000 6700000 -200000 4550.27587890625
300000 6700000 -200000 4500.70849609375
400000 6700000 -200000 4429.744140625
500000 6700000 -200000 4373.7841796875
600000 6700000 -200000 4360.05126953125
700000 6700000 -200000 4375.2431640625
800000 6700000 -200000 4396.482421875
900000 6700000 -200000 4415.75341796875
1000000 6700000 -200000 4423.81689453125
1100000 6700000 -200000 4415.892578125
1200000 6700000 -200000 4432.67626953125
0 6800000 -200000 4528.83203125
100000 6800000 -200000 4561.3671875
200000 6800000 -200000 4565.9990234375
300000 6800000 -200000 4509.83837890625
400000 6800000 -200000 4436.26171875
500000 6800000 -200000 4366.27392578125
600000 6800000 -200000 4347.54296875
700000 6800000 -200000 4365.0283203125
800000 6800000 -200000 4391.48193359375
900000 6800000 -200000 4414.81884765625
1000000 6800000 -200000 4433.43701171875
1100000 6800000 -200000 4446.75146484375
1200000 6800000 -200000 4454.3427734375
0 6900000 -200000 4586.583984375
100000 6900000 -200000 4633.79541015625
200000 6900000 -200000 4620.615234375
300000 6900000 -200000 4536.705078125
400000 6900000 -200000 4440.93017578125
500000 6900000 -200000 4373.31884765625
600000 6900000 -200000 4345.9658203125
700000 6900000 -200000 4357.0068359375
800000 6900000 -200000 4386.4599609375
900000 6900000 -200000 4412.51416015625
1000000 6900000 -200000 4433.86767578125
1100000 6900000 -200000 4459.49365234375
1200000 6900000 -200000 4471.13916015625
0 7000000 -200000 4640.8984375
100000 7000000 -200000 4712.49951171875
200000 7000000 -200000 4668.62451171875
300000 7000000 -200000 4571.85888671875
400000 7000000 -200000 4456.35107421875
500000 7000000 -200000 4392.37255859375
600000 7000000 -200000 4355.130859375
700000 7000000 -200000 4355.068359375
800000 7000000 -200000 4380.7939453125
900000 7000000 -200000 4412.04345703125
1000000 7000000 -200000 4443.1611328125
1100000 7000000 -200000 4468.66748046875
1200000 7000000 -200000 4486.6484375
0 7100000 -200000 4701.59423828125
100000 7100000 -200000 4753.90185546875
200000 7100000 -200000 4691.359375
300000 7100000 -200000 4592.7861328125
400000 7100000 -200000 4465.607421875
500000 7100000 -200000 4397.65283203125
600000 7100000 -200000 4356.48486328125
700000 7100000 -200000 4351.40087890625
800000 7100000 -200000 4378.0693359375
900000 7100000 -200000 4416.1640625
1000000 7100000 -200000 4453.6328125
1100000 7100000 -200000 4482.1328125
1200000 7100000 -200000 4510.12890625
0 7200000 -200000 4745.87744140625
100000 7200000 -200000 4774.78271484375
200000 7200000 -200000 4711.21240234375
300000 7200000 -200000 4603.5400390625
400000 7200000 -200000 4476.8076171875
500000 7200000 -200000 4385.36328125
600000 7200000 -200000 4344.05859375
700000 7200000 -200000 4342.22265625
800000 7200000 -200000 4367.072265625
900000 7200000 -200000 4406.50146484375
1000000 7200000 -200000 4448.79345703125
1100000 7200000 -200000 4478.62060546875
1200000 7200000 -200000 4510.154296875
0 7300000 -200000 4792.72607421875
100000 7300000 -200000 4781.75341796875
200000 7300000 -200000 4739.54296875
300000 7300000 -200000 4613.833984375
400000 7300000 -200000 4494.4326171875
500000 7300000 -200000 4376.02197265625
600000 7300000 -200000 4330.0615234375
700000 7300000 -200000 4324.82666015625
800000 7300000 -200000 4345.4658203125
900000 7300000 -200000 4380.17236328125
1000000 7300000 -200000 4425.60986328125
1100000 7300000 -200000 4468.2958984375
1200000 7300000 -200000 4499.8251953125
0 7400000 -200000 4768.3349609375
100000 7400000 -200000 4769.1318359375
200000 7400000 -200000 4724.6630859375
300000 7400000 -200000 4615.75244140625
400000 7400000 -200000 4499.69482421875
500000 7400000 -200000 4385.7470703125
600000 7400000 -200000 4334.34423828125
700000 7400000 -200000 4323.20556640625
800000 7400000 -200000 4332.53466796875
900000 7400000 -200000 4363.001953125
1000000 7400000 -200000 4400.9443359375
1100000 7400000 -200000 4445.380859375
1200000 7400000 -200000 4477.3251953125
0 7500000 -200000 4719.71240234375
100000 7500000 -200000 4739.86376953125
200000 7500000 -200000 4689.068359375
300000 7500000 -200000 4614.27685546875
400000 7500000 -200000 4499.3056640625
500000 7500000 -200000 4414.216796875
600000 7500000 -200000 4357.1083984375
700000 7500000 -200000 4332.7802734375
800000 7500000 -200000 4333.91650390625
900000 7500000 -200000 4354.33349609375
1000000 7500000 -200000 4382.17236328125
1100000 7500000 -200000 4417.5947265625
1200000 7500000 -200000 4451.38671875
0 7600000 -200000 4700.126953125
100000 7600000 -200000 4717.2890625
200000 7600000 -200000 4663.392578125
300000 7600000 -200000 4599.78759765625
400000 7600000 -200000 4512.17578125
500000 7600000 -200000 4444.2275390625
600000 7600000 -200000 4380.9814453125
700000 7600000 -200000 4345.1494140625
800000 7600000 -200000 4341.6142578125
900000 7600000 -200000 4348.15625
1000000 7600000 -200000 4365.12109375
1100000 7600000 -200000 4387.4248046875
1200000 7600000 -200000 4421.85205078125
0 7700000 -200000 4695.46484375
100000 7700000 -200000 4702.23876953125
200000 7700000 -200000 4647.10595703125
300000 7700000 -200000 4585.07861328125
400000 7700000 -200000 4520.58544921875
500000 7700000 -200000 4458.77783203125
600000 7700000 -200000 4397.40380859375
700000 7700000 -200000 4356.818359375
800000 7700000 -200000 4347.23388671875
900000 7700000 -200000 4341.28759765625
1000000 7700000 -200000 4335.55078125
1100000 7700000 -200000 4347.1640625
1200000 7700000 -200000 4367.79541015625
0 7800000 -200000 4701.14697265625
100000 7800000 -200000 4672.09814453125
200000 7800000 -200000 4621.8056640625
300000 7800000 -200000 4561.47314453125
400000 7800000 -200000 4529.884765625
500000 7800000 -200000 4476.79150390625
600000 7800000 -200000 4419.01318359375
700000 7800000 -200000 4376.88818359375
800000 7800000 -200000 4347.6708984375
900000 7800000 -200000 4333.03857421875
1000000 7800000 -200000 4329.93359375
1100000 7800000 -200000 4338.00244140625
1200000 7800000 -200000 4352.13720703125
